Model 	GenomeIDSpeciesA 	GenomeIDSpeciesB 	GRSpeciesAFull 	GRSpeciesBFull 	GRASolo 	GRBSolo 	PercentChangeRawA 	PercentChangeRawB 	TypeOfInteraction
1008452.3X1035195.3 	1008452.3 	1035195.3 	0.0 	16.7865277771 	0.359922239467 	16.7865277771 	-1.0 	0.0 	Amensalism
1008452.3X887901.3 	1008452.3 	887901.3 	0.311644225004 	2.762362733 	0.359922239467 	2.762362733 	-0.134134568996 	0.0 	Amensalism
1035187.4X1076135.3 	1035187.4 	1076135.3 	0.0 	32.2114495402 	0.362233176534 	32.2114495402 	-1.0 	0.0 	Amensalism
1035187.4X1235797.3 	1035187.4 	1235797.3 	2.09521456427e-27 	4.73723817729 	0.362233176534 	2.97037637062 	-1.0 	0.59482758621 	Parasitism
1035187.4X879304.3 	1035187.4 	879304.3 	0.362233176534 	0.0 	0.362233176535 	0.23925429573 	-2.76059163836e-12 	-1.0 	Amensalism
1035187.4X997829.3 	1035187.4 	997829.3 	0.186487447135 	10.0326837334 	0.362233176535 	6.92240736015 	-0.485172923919 	0.449305597234 	Parasitism
1035197.3X1035187.4 	1035197.3 	1035187.4 	6.41567693751 	0.299183927528 	6.41908338184 	0.362233176534 	-0.000530674572578 	-0.174057080053 	Amensalism
1035197.3X1076135.3 	1035197.3 	1076135.3 	2.0672306622 	30.144218878 	6.41908338184 	32.2114495402 	-0.677955474445 	-0.0641768902582 	Amensalism
1035197.3X1077975.4 	1035197.3 	1077975.4 	-4.23605097592e-13 	24.7256579876 	6.41908338184 	24.7256579876 	-1.0 	0.0 	Amensalism
1035197.3X1097667.3 	1035197.3 	1097667.3 	2.96385873434e-13 	31.5489064563 	6.41908338184 	31.5489064563 	-1.0 	0.0 	Amensalism
1035197.3X267747.3 	1035197.3 	267747.3 	-8.270747378e-14 	24.7255086097 	6.41908338184 	24.7255086097 	-1.0 	0.0 	Amensalism
1035197.3X428125.8 	1035197.3 	428125.8 	6.41908338184 	0.176471134766 	6.41908338184 	0.238869688949 	0.0 	-0.261224245142 	Amensalism
1035197.3X620833.3 	1035197.3 	620833.3 	3.4328031879e-13 	15.04695684 	6.41908338184 	14.9819087572 	-1.0 	0.00434177539419 	Amensalism
1035197.3X699246.3 	1035197.3 	699246.3 	6.41719138787 	0.0584385593387 	6.41908338184 	0.122331770253 	-0.000294745192959 	-0.522294501111 	Amensalism
1073372.3X645127.4 	1073372.3 	645127.4 	5.37160828872 	-8.07793566946e-28 	0.239485497698 	2.8474112187 	21.4297852703 	-1.0 	Parasitism
1077975.4X1035187.4 	1077975.4 	1035187.4 	24.7256579876 	4.31664687337e-27 	24.7256579876 	0.362233176535 	0.0 	-1.0 	Amensalism
1077975.4X1035195.3 	1077975.4 	1035195.3 	3.80525508914 	28.406194451 	24.7256579876 	16.7865277771 	-0.846100957514 	0.692201915023 	Parasitism
1077975.4X1076135.3 	1077975.4 	1076135.3 	32.2114495402 	-2.986412817e-24 	24.7256579876 	32.2114495402 	0.302753987633 	-1.0 	Parasitism
1077975.4X1105030.3 	1077975.4 	1105030.3 	32.2114495402 	1.05013163703e-26 	24.7256579876 	12.4270826445 	0.302753987633 	-1.0 	Parasitism
1077975.4X267747.3 	1077975.4 	267747.3 	24.7256579876 	-8.11832534781e-26 	24.7256579876 	24.7255086097 	0.0 	-1.0 	Amensalism
1077975.4X457394.3 	1077975.4 	457394.3 	24.7256579876 	-2.01948391737e-28 	24.7256579876 	1.78136687039 	0.0 	-1.0 	Amensalism
1077975.4X596320.3 	1077975.4 	596320.3 	0.0 	30.4096943335 	24.7256579876 	15.2048471667 	-1.0 	1.00000000001 	Parasitism
1077975.4X699246.3 	1077975.4 	699246.3 	24.7256579876 	-6.90308634771e-16 	24.7256579876 	0.122331770253 	0.0 	-1.0 	Amensalism
1077975.4X871541.3 	1077975.4 	871541.3 	11.9983687642 	12.727293599 	24.7256579876 	24.7256664882 	-0.514740163023 	-0.485259836977 	Competition
1077975.4X997830.4 	1077975.4 	997830.4 	24.7256579876 	0.0 	24.7256579876 	0.241581420921 	0.0 	-1.0 	Amensalism
1077975.4X997894.4 	1077975.4 	997894.4 	32.2114495402 	3.13567374201 	24.7256579876 	24.4644587377 	0.302753987633 	-0.871827381279 	Parasitism
1095735.3X562973.4 	1095735.3 	562973.4 	0.0 	24.7256826795 	0.241488782995 	24.7256826795 	-1.0 	0.0 	Amensalism
1095740.3X365659.3 	1095740.3 	365659.3 	0.362372138824 	5.85459283654e-27 	0.241581425883 	0.35915994704 	0.499999999998 	-1.0 	Parasitism
1095740.3X762966.3 	1095740.3 	762966.3 	3.17365936582e-23 	19.5051247987 	0.241581425883 	7.11558650782 	-1.0 	1.741183004 	Parasitism
1095740.3X762968.3 	1095740.3 	762968.3 	0.29350867835 	7.05835578813 	0.241581425883 	7.06057106106 	0.214947205801 	-0.000313752656951 	Commensalism
1095742.3X1105030.3 	1095742.3 	1105030.3 	32.2114495402 	2.01948391737e-28 	32.2114495402 	12.4270826445 	0.0 	-1.0 	Amensalism
1095745.3X1160721.7 	1095745.3 	1160721.7 	24.9158442204 	-5.69726306066e-15 	24.9158442204 	1.69874955987 	0.0 	-1.0 	Amensalism
1095745.3X1227268.3 	1095745.3 	1227268.3 	24.9158442204 	6.52072424256e-26 	24.9158442204 	12.3624465325 	0.0 	-1.0 	Amensalism
1095745.3X267747.3 	1095745.3 	267747.3 	24.9158442204 	-5.04870979341e-29 	24.9158442204 	24.7255086097 	0.0 	-1.0 	Amensalism
1095745.3X562981.3 	1095745.3 	562981.3 	24.9158442204 	0.0 	24.9158442204 	2.23830004903 	0.0 	-1.0 	Amensalism
1095745.3X862512.3 	1095745.3 	862512.3 	24.9158442204 	-5.55358077276e-28 	24.9158442204 	3.08901330302 	0.0 	-1.0 	Amensalism
1095752.3X862512.3 	1095752.3 	862512.3 	6.41653262034 	3.47469798581 	6.41653262034 	3.08901330302 	0.0 	0.124856918684 	Commensalism
1097667.3X1035187.4 	1097667.3 	1035187.4 	31.5489064563 	1.59034358493e-27 	31.5489064563 	0.362233176535 	0.0 	-1.0 	Amensalism
1097667.3X1076135.3 	1097667.3 	1076135.3 	18.1684766037 	14.0429729365 	31.5489064563 	32.2114495402 	-0.424117072683 	-0.564037845643 	Competition
1097667.3X1077975.4 	1097667.3 	1077975.4 	31.5489064563 	-0.0 	31.5489064563 	24.7256579876 	0.0 	-1.0 	Amensalism
1097667.3X267747.3 	1097667.3 	267747.3 	31.5489064563 	-9.08767762815e-28 	31.5489064563 	24.7255086097 	0.0 	-1.0 	Amensalism
1097667.3X428125.8 	1097667.3 	428125.8 	31.5489064563 	4.37975574579e-27 	31.5489064563 	0.238869688949 	0.0 	-1.0 	Amensalism
1097667.3X699246.3 	1097667.3 	699246.3 	31.5489064563 	-7.42750674132e-15 	31.5489064563 	0.122331770253 	0.0 	-1.0 	Amensalism
1105029.3X267747.3 	1105029.3 	267747.3 	0.0 	32.2114495402 	12.5110879663 	24.7255086097 	-1.0 	0.302761858155 	Parasitism
1105030.3X1105030.3 	1105030.3 	1105030.3 	13.2877928026 	1.24764619346e-27 	12.4270826445 	12.4270826445 	0.0692608380198 	-1.0 	Amensalism
1105030.3X457394.3 	1105030.3 	457394.3 	13.4800011396 	1.78136687039 	12.4270826445 	1.78136687039 	0.084727729365 	0.0 	Neutralism
1105030.3X553177.6 	1105030.3 	553177.6 	3.04134277955e-25 	32.2114495402 	12.4270826445 	2.78995483491 	-1.0 	10.5455093169 	Parasitism
1105030.3X553178.3 	1105030.3 	553178.3 	-1.69131778079e-27 	32.2114495402 	12.4270826445 	1.45910863199 	-1.0 	21.0761147141 	Parasitism
1105030.3X596320.3 	1105030.3 	596320.3 	0.0 	32.2114495402 	12.4270826445 	15.2048471668 	-1.0 	1.11849873838 	Parasitism
1105030.3X796942.3 	1105030.3 	796942.3 	17.1389068029 	1.90764209729 	12.4270826445 	0.834351810845 	0.379157706856 	1.28637616949 	Mutualism
1105030.3X866778.4 	1105030.3 	866778.4 	-5.67979851759e-29 	32.2114495402 	12.4270826445 	19.5050092456 	-1.0 	0.651444976755 	Parasitism
1105030.3X997894.4 	1105030.3 	997894.4 	9.82605143543e-26 	32.619278317 	12.4270826445 	24.4644587377 	-1.0 	0.333333333336 	Parasitism
1105031.3X1125778.3 	1105031.3 	1125778.3 	2.20102310178 	5.9013044626 	2.66588682078 	8.10231219709 	-0.174374889203 	-0.271651805182 	Competition
1118055.3X562973.4 	1118055.3 	562973.4 	0.0 	32.2114495402 	2.86066968651 	24.7256826795 	-1.0 	0.302752686659 	Parasitism
1121877.3X1415765.3 	1121877.3 	1415765.3 	31.8708545549 	9.28962601988e-27 	26.1382451726 	0.239948159421 	0.219318831255 	-1.0 	Parasitism
1125724.3X1203573.3 	1125724.3 	1203573.3 	7.77501308186e-25 	3.86299993854 	2.40335704788 	3.05338917297 	-1.0 	0.265151515155 	Parasitism
1160721.7X1160721.7 	1160721.7 	1160721.7 	0.966131909799 	0.732617650076 	1.69874955987 	1.69874955987 	-0.431268779918 	-0.568731220079 	Competition
1197728.3X1077975.4 	1197728.3 	1077975.4 	5.23601692675e-25 	24.7256579876 	7.78309408591 	24.7256579876 	-1.0 	0.0 	Amensalism
1197728.3X1105030.3 	1197728.3 	1105030.3 	7.78309408591 	12.3624425783 	7.78309408591 	12.4270826445 	0.0 	-0.00520154794566 	Neutralism
1197728.3X1203573.3 	1197728.3 	1203573.3 	7.78309408591 	3.32914551981 	7.78309408591 	3.05338917297 	0.0 	0.0903115624045 	Neutralism
1197728.3X1235815.4 	1197728.3 	1235815.4 	7.78309408591 	-3.73173816816e-13 	7.78309408591 	6.40793751026 	0.0 	-1.0 	Amensalism
1197728.3X1332188.3 	1197728.3 	1332188.3 	7.7830940859 	2.22365621375 	7.78309408591 	3.68896643112 	-1.28483617402e-12 	-0.39721429965 	Amensalism
1197728.3X1400053.5 	1197728.3 	1400053.5 	13.4205180032 	6.56332273144e-28 	7.7830940859 	7.42675123239 	0.724316557796 	-1.0 	Parasitism
1197728.3X267747.3 	1197728.3 	267747.3 	-1.82182152435e-11 	24.7255086098 	7.78309408591 	24.7255086097 	-1.0 	4.04433467864e-12 	Amensalism
1197728.3X411486.3 	1197728.3 	411486.3 	7.78309408591 	1.53047654441 	7.78309408591 	1.46780645825 	0.0 	0.0426964235017 	Neutralism
1197728.3X457394.3 	1197728.3 	457394.3 	7.7830940859 	1.78136687039 	7.78309408591 	1.78136687039 	-1.28483617402e-12 	0.0 	Neutralism
1197728.3X552395.3 	1197728.3 	552395.3 	7.78309408591 	11.1037009028 	7.78309408591 	12.3720208349 	0.0 	-0.102515179131 	Amensalism
1197728.3X596320.3 	1197728.3 	596320.3 	-1.13595970352e-28 	15.2048471668 	7.78309408591 	15.2048471668 	-1.0 	0.0 	Amensalism
1197728.3X679201.3 	1197728.3 	679201.3 	0.0 	30.5091313735 	7.78309408591 	30.5091313735 	-1.0 	0.0 	Amensalism
1197728.3X713605.5 	1197728.3 	713605.5 	7.78309408591 	1.66098047709 	7.7830940859 	1.7285697881 	1.28483617402e-12 	-0.0391012914117 	Neutralism
1197728.3X857291.3 	1197728.3 	857291.3 	10.1180223117 	1.11813468036e-14 	7.78309408591 	6.37648148707 	0.300000000002 	-1.0 	Parasitism
1197728.3X871541.3 	1197728.3 	871541.3 	6.68954047627e-28 	24.7256664882 	7.78309408591 	24.7256664882 	-1.0 	0.0 	Amensalism
1197728.3X888056.4 	1197728.3 	888056.4 	7.7830940859 	24.4283554543 	7.78309408591 	32.2114495402 	-1.28483617402e-12 	-0.241625080429 	Amensalism
1197728.3X925409.4 	1197728.3 	925409.4 	-8.06910042732e-26 	12.4579858549 	7.78309408591 	12.4579858549 	-1.0 	0.0 	Amensalism
1197728.3X95617.3 	1197728.3 	95617.3 	0.0 	24.7257069661 	7.78309408591 	24.725706966 	-1.0 	4.04430223389e-12 	Amensalism
1197728.3X997894.4 	1197728.3 	997894.4 	32.2114495402 	3.1353185152 	7.78309408591 	24.4644587377 	3.13864321626 	-0.871841901396 	Parasitism
1203556.3X1118055.3 	1203556.3 	1118055.3 	14.7331885072 	4.48973607817 	12.5110717784 	2.86066968651 	0.17761201983 	0.569470288493 	Mutualism
1203556.3X1197728.3 	1203556.3 	1197728.3 	12.4447784474 	7.78309408591 	12.5110717784 	7.78309408591 	-0.00529877313265 	0.0 	Neutralism
1203556.3X196627.13 	1203556.3 	196627.13 	0.0 	32.2114495402 	12.5110717784 	24.7253830999 	-1.0 	0.302768471172 	Parasitism
1203556.3X523794.5 	1203556.3 	523794.5 	1.30280946477e-23 	37.0873395974 	12.5110717784 	12.3624465325 	-1.0 	1.99999999999 	Parasitism
1203556.3X537013.3 	1203556.3 	537013.3 	3.3829827963 	9.96914782993 	12.5110717784 	0.127699415409 	-0.729600880227 	77.0672941846 	Parasitism
1203556.3X562973.4 	1203556.3 	562973.4 	0.0 	32.2114495402 	12.5110717784 	24.7256826795 	-1.0 	0.302752686659 	Parasitism
1203556.3X635013.3 	1203556.3 	635013.3 	1.83947724986 	11.0197631359 	12.5110717784 	0.238864222342 	-0.852972048883 	45.1340046151 	Parasitism
1203556.3X762963.3 	1203556.3 	762963.3 	12.2196285869 	12.0876343321 	12.5110717784 	16.2048516596 	-0.0232948221113 	-0.254073126616 	Amensalism
1203556.3X997353.4 	1203556.3 	997353.4 	12.4415162719 	8.13138164177 	12.5110717784 	7.82625691034 	-0.00555951622147 	0.0389873134661 	Neutralism
1203559.3X1076135.3 	1203559.3 	1076135.3 	0.0 	32.2114495402 	4.08490754086 	32.2114495402 	-1.0 	0.0 	Amensalism
1203559.3X1097667.3 	1203559.3 	1097667.3 	0.0 	31.5489064563 	4.08490754086 	31.5489064563 	-1.0 	0.0 	Amensalism
1203559.3X267747.3 	1203559.3 	267747.3 	0.0 	24.7255086097 	4.08490754086 	24.7255086097 	-1.0 	0.0 	Amensalism
1203559.3X428125.8 	1203559.3 	428125.8 	9.5254607537 	4.74205595225 	4.08490754086 	0.238869688949 	1.33186691704 	18.8520623237 	Mutualism
1203564.3X936563.3 	1203564.3 	936563.3 	3.72976975784 	15.3695228482 	2.43763474086 	9.2793566106 	0.530077371856 	0.656313416239 	Mutualism
1203566.3X663917.3 	1203566.3 	663917.3 	6.44291596139e-12 	24.7255294591 	2.69184915851 	12.3627647296 	-0.999999999998 	0.999999999992 	Parasitism
1203573.3X411486.3 	1203573.3 	411486.3 	-4.32977351883e-25 	4.65594119369 	3.05338917297 	1.46780645825 	-1.0 	2.1720402697 	Parasitism
1203603.3X267747.3 	1203603.3 	267747.3 	0.0 	28.3902832263 	5.69687115201 	24.7255086098 	-1.0 	0.148218371332 	Parasitism
1203603.3X313596.4 	1203603.3 	313596.4 	14.5861100736 	0.985817671561 	5.69687115201 	7.66902826031 	1.56037212084 	-0.87145468264 	Parasitism
1203603.3X340101.3 	1203603.3 	340101.3 	6.25117996202 	18.5220742094 	5.69687115202 	12.3627482321 	0.0973005699459 	0.498216566548 	Commensalism
1203603.3X411483.3 	1203603.3 	411483.3 	6.48599265892 	3.77994867394 	5.69687115202 	3.49868914244 	0.138518405251 	0.0803899746589 	Commensalism
1218103.5X267747.3 	1218103.5 	267747.3 	18.445440535 	6.42094515329 	9.6991699722 	24.7255086097 	0.901754540633 	-0.740310896951 	Parasitism
1227268.3X1203556.3 	1227268.3 	1203556.3 	37.0873395974 	0.0 	12.3624465325 	12.5110717784 	1.99999999999 	-1.0 	Parasitism
1227268.3X537013.3 	1227268.3 	537013.3 	24.7248930649 	-9.25760232311e-14 	12.3624465325 	0.12769941541 	0.999999999992 	-1.0 	Parasitism
1227268.3X762963.3 	1227268.3 	762963.3 	24.7248930649 	1.18861822296e-13 	12.3624465325 	16.2048516596 	0.999999999992 	-1.0 	Parasitism
1227268.3X862512.3 	1227268.3 	862512.3 	24.7248930649 	-2.20881053462e-28 	12.3624465325 	3.08901330302 	0.999999999992 	-1.0 	Parasitism
1227268.3X944560.4 	1227268.3 	944560.4 	-2.72630328844e-27 	24.7256853106 	12.3624465325 	24.7256853106 	-1.0 	0.0 	Amensalism
1227268.3X997353.4 	1227268.3 	997353.4 	4.23111724218 	8.13138164177 	12.3624465325 	7.82625691034 	-0.65774434445 	0.0389873134661 	Amensalism
1227272.3X445970.5 	1227272.3 	445970.5 	9.83534992127 	2.52735508916 	6.92240672543 	4.30195868889 	0.420799197646 	-0.412510609252 	Parasitism
1235797.3X879304.3 	1235797.3 	879304.3 	7.98862920494 	16.7050696751 	2.97037637062 	0.23925429573 	1.68943332702 	68.8213991274 	Mutualism
1235815.4X1077975.4 	1235815.4 	1077975.4 	1.26217744835e-28 	24.7256579876 	6.40793751026 	24.7256579876 	-1.0 	0.0 	Amensalism
1235815.4X1105030.3 	1235815.4 	1105030.3 	6.40793751026 	12.3734110326 	6.40793751026 	12.4270826445 	0.0 	-0.00431892290696 	Neutralism
1235815.4X1321817.3 	1235815.4 	1321817.3 	6.40793751026 	1.47006518402 	6.40793751026 	1.5730350624 	0.0 	-0.0654593663176 	Neutralism
1235815.4X267747.3 	1235815.4 	267747.3 	0.0 	24.7255086097 	6.40793751026 	24.7255086097 	-1.0 	0.0 	Amensalism
1235815.4X457394.3 	1235815.4 	457394.3 	6.40793751026 	1.78136687039 	6.40793751026 	1.78136687039 	0.0 	0.0 	Neutralism
1235815.4X552395.3 	1235815.4 	552395.3 	6.40793751026 	12.0049619605 	6.40793751026 	12.3720208349 	0.0 	-0.0296684655885 	Neutralism
1235815.4X596320.3 	1235815.4 	596320.3 	-1.4540284205e-26 	15.2048471668 	6.40793751026 	15.2048471667 	-1.0 	6.57685060413e-12 	Amensalism
1235815.4X679201.3 	1235815.4 	679201.3 	0.0 	30.5091313735 	6.40793751026 	30.5091313735 	-1.0 	0.0 	Amensalism
1235815.4X997830.4 	1235815.4 	997830.4 	6.40196575209 	0.184770665547 	6.40793751026 	0.241581420921 	-0.000931931399212 	-0.235161939016 	Amensalism
1235815.4X997894.4 	1235815.4 	997894.4 	32.2114495402 	3.1353105113 	6.40793751026 	24.4644587377 	4.02680456678 	-0.87184222856 	Parasitism
1236489.4X1203619.3 	1236489.4 	1203619.3 	7.20783428353 	3.70007245667 	7.20783428353 	3.08640107902 	0.0 	0.198830729364 	Commensalism
1268240.3X999421.3 	1268240.3 	999421.3 	1.77418948207 	10.5884118096 	9.53613968008 	9.37834099553 	-0.813950975805 	0.129028238006 	Parasitism
1296619.3X176279.9 	1296619.3 	176279.9 	7.92490595683 	20.3295929847 	8.10229837114 	19.6754171208 	-0.0218940856266 	0.0332483860385 	Neutralism
1321775.3X1476577.3 	1321775.3 	1476577.3 	7.22449027069 	5.34146752889 	12.4536107364 	0.118775713882 	-0.419887900497 	43.9710412534 	Parasitism
1321817.3X1077975.4 	1321817.3 	1077975.4 	0.0 	24.7256579876 	1.5730350624 	24.7256579876 	-1.0 	0.0 	Amensalism
1321817.3X1105030.3 	1321817.3 	1105030.3 	14.2301474964 	0.0 	1.5730350624 	12.4270826445 	8.04630026154 	-1.0 	Parasitism
1321817.3X1235797.3 	1321817.3 	1235797.3 	1.95622596158 	2.26575368791 	1.5730350624 	2.97037637062 	0.243599719001 	-0.237216633447 	Parasitism
1321817.3X1414720.3 	1321817.3 	1414720.3 	2.83674632411 	10.40513046 	1.5730350624 	0.709094914168 	0.803358610317 	13.6738190503 	Mutualism
1321817.3X267747.3 	1321817.3 	267747.3 	0.0 	24.7255086097 	1.5730350624 	24.7255086097 	-1.0 	0.0 	Amensalism
1321817.3X537011.5 	1321817.3 	537011.5 	2.56522515571 	14.928339375 	1.5730350624 	8.68963475561 	0.630748873325 	0.717947853374 	Mutualism
1321817.3X537013.3 	1321817.3 	537013.3 	0.356206644418 	1.54435159439 	1.5730350624 	0.127699415409 	-0.773554542469 	11.0936465484 	Parasitism
1321817.3X552395.3 	1321817.3 	552395.3 	-4.81394478802e-26 	14.9808487324 	1.5730350624 	12.3720208349 	-1.0 	0.210865139359 	Parasitism
1321817.3X997830.4 	1321817.3 	997830.4 	0.13023031854 	2.66060234938 	1.5730350624 	0.241581420921 	-0.917210797361 	10.0132738653 	Parasitism
1332188.3X1077975.4 	1332188.3 	1077975.4 	3.57005642621 	24.1407023596 	3.68896643112 	24.7256579876 	-0.0322339623117 	-0.0236578386829 	Neutralism
1332188.3X1105030.3 	1332188.3 	1105030.3 	3.68896643112 	12.3437519399 	3.68896643112 	12.4270826445 	0.0 	-0.00670557257756 	Neutralism
1332188.3X1235815.4 	1332188.3 	1235815.4 	2.71768371073 	6.40793751026 	3.68896643112 	6.40793751026 	-0.263293998068 	0.0 	Amensalism
1332188.3X1321817.3 	1332188.3 	1321817.3 	3.68896643112 	1.53634110033 	3.68896643112 	1.5730350624 	0.0 	-0.0233268558007 	Neutralism
1332188.3X267747.3 	1332188.3 	267747.3 	3.57005642621 	24.1405565157 	3.68896643112 	24.7255086097 	-0.0322339623117 	-0.0236578386812 	Neutralism
1332188.3X457394.3 	1332188.3 	457394.3 	3.68896643112 	1.78136687039 	3.68896643112 	1.78136687039 	0.0 	0.0 	Neutralism
1332188.3X552395.3 	1332188.3 	552395.3 	3.68896643112 	12.2822528455 	3.68896643112 	12.3720208349 	0.0 	-0.00725572568927 	Neutralism
1332188.3X596320.3 	1332188.3 	596320.3 	3.57005642621 	14.4854195238 	3.68896643112 	15.2048471668 	-0.0322339623117 	-0.0473156773697 	Neutralism
1332188.3X679201.3 	1332188.3 	679201.3 	3.68896643112 	28.522483109 	3.68896643112 	30.5091313735 	0.0 	-0.0651165134851 	Neutralism
1332188.3X713605.5 	1332188.3 	713605.5 	3.68896643112 	1.64143706619 	3.68896643112 	1.7285697881 	0.0 	-0.0504074076209 	Neutralism
1332188.3X857291.3 	1332188.3 	857291.3 	2.7700835678 	6.37648148707 	3.68896643112 	6.37648148707 	-0.249089516123 	0.0 	Amensalism
1332188.3X871541.3 	1332188.3 	871541.3 	3.57005642621 	24.1407106591 	3.68896643112 	24.7256664882 	-0.0322339623117 	-0.0236578386827 	Neutralism
1332188.3X888056.4 	1332188.3 	888056.4 	3.68896643112 	28.522483109 	3.68896643112 	32.2114495402 	0.0 	-0.114523453116 	Amensalism
1332188.3X925409.4 	1332188.3 	925409.4 	3.57005642621 	11.8685278155 	3.68896643112 	12.4579858549 	-0.0322339623117 	-0.0473156773708 	Neutralism
1332188.3X997830.4 	1332188.3 	997830.4 	3.68896643112 	0.153294595523 	3.68896643112 	0.241581420921 	0.0 	-0.365453705262 	Amensalism
1332188.3X997894.4 	1332188.3 	997894.4 	3.64688176735 	24.0154438901 	3.68896643112 	24.4644587377 	-0.0114082533837 	-0.0183537617739 	Neutralism
1339350.3X267747.3 	1339350.3 	267747.3 	1.52959854973e-14 	24.7255086097 	1.78140740078 	24.7255086097 	-1.0 	0.0 	Amensalism
1339350.3X537011.5 	1339350.3 	537011.5 	6.19503108932 	6.16755717314 	1.78140740077 	8.68963475561 	2.47760489074 	-0.290239768805 	Parasitism
1381118.3X457416.3 	1381118.3 	457416.3 	0.0 	32.2114495402 	16.2046259263 	32.2114495402 	-1.0 	0.0 	Amensalism
1400053.5X1203573.3 	1400053.5 	1203573.3 	15.7192132861 	2.28794021113 	7.42675123239 	3.05338917297 	1.11656655706 	-0.250688306822 	Parasitism
1414719.3X1095745.3 	1414719.3 	1095745.3 	2.08006843489e-26 	24.9158442204 	13.9834631044 	24.9158442204 	-1.0 	0.0 	Amensalism
1414719.3X1227268.3 	1414719.3 	1227268.3 	20.0253547059 	4.70015524866 	13.9834631044 	12.3624465325 	0.432074054645 	-0.619803795608 	Parasitism
1414719.3X267747.3 	1414719.3 	267747.3 	20.0253547059 	4.70027226254 	13.9834631044 	24.7255086097 	0.432074054645 	-0.809901897804 	Parasitism
1414719.3X562981.3 	1414719.3 	562981.3 	20.0253547059 	0.273763057459 	13.9834631044 	2.23830004903 	0.432074054645 	-0.877691528632 	Parasitism
1414719.3X862512.3 	1414719.3 	862512.3 	24.7256547493 	0.0 	13.9834631044 	3.08901330302 	0.768206814342 	-1.0 	Parasitism
1459803.3X267747.3 	1459803.3 	267747.3 	2.06742552115e-25 	24.7255086097 	21.7120760263 	24.7255086098 	-1.0 	-4.04433467862e-12 	Amensalism
1476577.3X1077975.4 	1476577.3 	1077975.4 	6.26226937598 	24.7256579876 	0.118775713882 	24.7256579876 	51.7234833731 	0.0 	Commensalism
1476577.3X1105030.3 	1476577.3 	1105030.3 	5.34136864679 	7.2253137363 	0.118775713882 	12.4270826445 	43.9702087423 	-0.418583271473 	Parasitism
1476577.3X1197728.3 	1476577.3 	1197728.3 	0.0514335987595 	7.7830940859 	0.118775713882 	7.78309408591 	-0.566968725521 	-1.28483617402e-12 	Amensalism
1476577.3X1235815.4 	1476577.3 	1235815.4 	0.0628605504162 	6.40793751026 	0.118775713882 	6.40793751026 	-0.47076259648 	0.0 	Amensalism
1476577.3X1332188.3 	1476577.3 	1332188.3 	0.0321148621562 	3.68245664005 	0.118775713882 	3.68896643112 	-0.729617603578 	-0.00176466530437 	Amensalism
1476577.3X267747.3 	1476577.3 	267747.3 	2.72763072993 	24.7255086097 	0.118775713882 	24.7255086097 	21.9645492398 	0.0 	Commensalism
1476577.3X457394.3 	1476577.3 	457394.3 	0.952550325082 	1.78136687039 	0.118775713882 	1.78136687039 	7.01973984369 	0.0 	Commensalism
1476577.3X552395.3 	1476577.3 	552395.3 	-1.19828717693e-17 	12.3720208349 	0.118775713882 	12.3720208349 	-1.0 	0.0 	Amensalism
1476577.3X596320.3 	1476577.3 	596320.3 	2.65571599046 	15.2048471668 	0.118775713882 	15.2048471668 	21.3590825402 	0.0 	Commensalism
1476577.3X635013.3 	1476577.3 	635013.3 	-1.56166052675e-15 	0.238864222342 	0.118775713882 	0.238864222342 	-1.0 	0.0 	Amensalism
1476577.3X679201.3 	1476577.3 	679201.3 	1.62359421325 	30.5091313735 	0.118775713882 	30.5091313735 	12.6694123755 	0.0 	Commensalism
1476577.3X713605.5 	1476577.3 	713605.5 	3.27487177301e-15 	1.7285697881 	0.118775713882 	1.7285697881 	-1.0 	0.0 	Amensalism
1476577.3X754027.3 	1476577.3 	754027.3 	1.23817264429 	12.3625521468 	0.118775713882 	12.3625521468 	9.42445971337 	0.0 	Commensalism
1476577.3X857291.3 	1476577.3 	857291.3 	0.0640725692559 	6.37648148707 	0.118775713882 	6.37648148707 	-0.460558331651 	0.0 	Amensalism
1476577.3X871541.3 	1476577.3 	871541.3 	2.38100947999 	24.7256664882 	0.118775713882 	24.7256664882 	19.04626537 	0.0 	Commensalism
1476577.3X888056.4 	1476577.3 	888056.4 	8.65883019434e-17 	32.2114495402 	0.118775713882 	32.2114495402 	-1.0 	0.0 	Amensalism
1476577.3X925409.4 	1476577.3 	925409.4 	6.26226937598 	12.4579858549 	0.118775713882 	12.4579858549 	51.7234833731 	0.0 	Commensalism
1476577.3X997894.4 	1476577.3 	997894.4 	10.9915732724 	14.6784620557 	0.118775713882 	24.4644587377 	91.5405784832 	-0.400008714148 	Parasitism
1479623.3X1105029.3 	1479623.3 	1105029.3 	32.2114495402 	-1.87812004315e-26 	24.7256098166 	12.5110879663 	0.302756525688 	-1.0 	Parasitism
1514668.3X1035187.4 	1514668.3 	1035187.4 	0.0 	1.91695964527 	0.943866038072 	0.362233176535 	-1.0 	4.29205983728 	Parasitism
1514668.3X1035197.3 	1514668.3 	1035197.3 	0.994935623955 	6.40765345801 	0.943866038072 	6.41908338184 	0.0541068158224 	-0.0017806161955 	Neutralism
1514668.3X1076135.3 	1514668.3 	1076135.3 	0.0 	32.2114495402 	0.943866038072 	32.2114495402 	-1.0 	0.0 	Amensalism
1514668.3X1077975.4 	1514668.3 	1077975.4 	9.18160757465e-14 	32.2114495402 	0.943866038072 	24.7256579876 	-1.0 	0.302753987633 	Parasitism
1514668.3X1097667.3 	1514668.3 	1097667.3 	0.0 	32.2114495402 	0.943866038072 	31.5489064563 	-1.0 	0.0210005086806 	Amensalism
1514668.3X267747.3 	1514668.3 	267747.3 	3.64445591702 	28.3902832263 	0.943866038072 	24.7255086097 	2.86120039287 	0.148218371337 	Mutualism
1514668.3X553175.3 	1514668.3 	553175.3 	0.865865814886 	3.21866760984 	0.943866038072 	3.21985560053 	-0.0826390822847 	-0.000368957753821 	Neutralism
1514668.3X620833.3 	1514668.3 	620833.3 	0.0 	22.0629512025 	0.943866038072 	14.9819087572 	-1.0 	0.472639538797 	Parasitism
1514668.3X699246.3 	1514668.3 	699246.3 	1.51461293802e-28 	0.973169268401 	0.943866038072 	0.122331770253 	-1.0 	6.95516378442 	Parasitism
1519439.3X1105030.3 	1519439.3 	1105030.3 	7.07706574399 	15.3203237657 	0.640991737033 	12.4270826445 	10.0408065114 	0.232817404049 	Mutualism
1519439.3X267747.3 	1519439.3 	267747.3 	0.0 	24.7255086097 	0.640991737032 	24.7255086097 	-1.0 	0.0 	Amensalism
1519439.3X553177.6 	1519439.3 	553177.6 	0.00409646818144 	7.02431284171 	0.640991737032 	2.78995483491 	-0.993609171625 	1.51771561095 	Parasitism
1519439.3X553178.3 	1519439.3 	553178.3 	0.0 	7.92481676777 	0.640991737032 	1.45910863199 	-1.0 	4.43127262359 	Parasitism
1519439.3X866778.4 	1519439.3 	866778.4 	-0.0 	32.2114495402 	0.640991737032 	19.5050092456 	-1.0 	0.651444976755 	Parasitism
1519439.3X927666.3 	1519439.3 	927666.3 	-1.65329081131e-31 	3.05802200523 	0.640991737032 	0.360059435395 	-1.0 	7.49310337299 	Parasitism
1539298.3X575604.3 	1539298.3 	575604.3 	24.7251964272 	5.11181866583e-28 	12.3625982136 	14.2830954433 	1.0 	-1.0 	Parasitism
172045.12X267747.3 	172045.12 	267747.3 	24.9157761513 	0.0 	12.4578880757 	24.7255086097 	0.999999999992 	-1.0 	Parasitism
172045.12X525257.3 	172045.12 	525257.3 	2.03990554385e-11 	12.4578974328 	12.4578880757 	10.6689863075 	-0.999999999998 	0.167673954558 	Parasitism
176279.9X888055.3 	176279.9 	888055.3 	10.7362149274 	33.0685068252 	19.6754171208 	12.3624424816 	-0.454333554329 	1.67491694092 	Parasitism
196627.13X1203564.3 	196627.13 	1203564.3 	24.7253830999 	0.0 	24.7253830999 	2.43763474086 	0.0 	-1.0 	Amensalism
267747.3X1035187.4 	267747.3 	1035187.4 	24.7255086097 	0.0 	24.7255086097 	0.362233176535 	0.0 	-1.0 	Amensalism
267747.3X1076135.3 	267747.3 	1076135.3 	21.7410476203 	10.4704019199 	24.7255086097 	32.2114495402 	-0.120703724907 	-0.674947819196 	Competition
267747.3X1077975.4 	267747.3 	1077975.4 	-4.04527872197e-27 	24.7256579876 	24.7255086097 	24.7256579876 	-1.0 	0.0 	Amensalism
267747.3X1094954.4 	267747.3 	1094954.4 	24.7255086097 	3.59815384233 	24.7255086097 	3.59815384233 	0.0 	0.0 	Neutralism
267747.3X1095740.3 	267747.3 	1095740.3 	24.7255086098 	-2.97873877811e-26 	24.7255086097 	0.241581425883 	4.04433467864e-12 	-1.0 	Amensalism
267747.3X1097667.3 	267747.3 	1097667.3 	0.0 	31.5489064563 	24.7255086097 	31.5489064563 	-1.0 	0.0 	Amensalism
267747.3X1105030.3 	267747.3 	1105030.3 	32.2114495402 	0.0 	24.7255086097 	12.4270826445 	0.302761858155 	-1.0 	Parasitism
267747.3X1160721.7 	267747.3 	1160721.7 	24.7255086097 	1.10601610118e-15 	24.7255086097 	1.69874955987 	0.0 	-1.0 	Amensalism
267747.3X1197728.3 	267747.3 	1197728.3 	24.7255086097 	6.46234853557e-27 	24.7255086097 	7.78309408591 	0.0 	-1.0 	Amensalism
267747.3X1203573.3 	267747.3 	1203573.3 	24.7255086097 	1.79007054435e-24 	24.7255086097 	3.05338917297 	0.0 	-1.0 	Amensalism
267747.3X1227268.3 	267747.3 	1227268.3 	24.7255086097 	0.0 	24.7255086097 	12.3624465325 	0.0 	-1.0 	Amensalism
267747.3X1235797.3 	267747.3 	1235797.3 	24.7255086097 	-2.05764869164e-13 	24.7255086097 	2.97037637062 	0.0 	-1.0 	Amensalism
267747.3X1235815.4 	267747.3 	1235815.4 	24.7255086097 	0.0 	24.7255086097 	6.40793751026 	0.0 	-1.0 	Amensalism
267747.3X1304880.3 	267747.3 	1304880.3 	24.7255086098 	6.21656523059e-14 	24.7255086097 	0.128254505898 	4.04433467864e-12 	-1.0 	Amensalism
267747.3X1321817.3 	267747.3 	1321817.3 	24.7255086097 	-1.62785549869e-24 	24.7255086097 	1.5730350624 	0.0 	-1.0 	Amensalism
267747.3X1332188.3 	267747.3 	1332188.3 	24.1405565157 	3.57005642621 	24.7255086097 	3.68896643112 	-0.0236578386812 	-0.0322339623117 	Neutralism
267747.3X1395125.3 	267747.3 	1395125.3 	24.7255086097 	0.0 	24.7255086097 	5.26391941724 	0.0 	-1.0 	Amensalism
267747.3X1400053.5 	267747.3 	1400053.5 	9.12640606936 	15.7192132861 	24.7255086097 	7.42675123239 	-0.630891068272 	1.11656655706 	Parasitism
267747.3X1414720.3 	267747.3 	1414720.3 	24.7255086097 	0.0 	24.7255086097 	0.709094914167 	0.0 	-1.0 	Amensalism
267747.3X1476577.3 	267747.3 	1476577.3 	24.7255086097 	2.72763072993 	24.7255086097 	0.118775713882 	0.0 	21.9645492398 	Commensalism
267747.3X1514668.3 	267747.3 	1514668.3 	28.3902832263 	3.64445591702 	24.7255086097 	0.943866038072 	0.148218371337 	2.86120039287 	Mutualism
267747.3X1539298.3 	267747.3 	1539298.3 	24.7255086097 	-1.43038584126e-26 	24.7255086097 	12.3625982136 	0.0 	-1.0 	Amensalism
267747.3X176279.9 	267747.3 	176279.9 	32.2114495402 	0.0 	24.7255086097 	19.6754171208 	0.302761858155 	-1.0 	Parasitism
267747.3X267747.3 	267747.3 	267747.3 	7.44156988775e-28 	24.7255086097 	24.7255086097 	24.7255086097 	-1.0 	0.0 	Amensalism
267747.3X365659.3 	267747.3 	365659.3 	24.7255086098 	0.0 	24.7255086097 	0.35915994704 	4.04433467864e-12 	-1.0 	Amensalism
267747.3X397291.3 	267747.3 	397291.3 	24.7255086097 	-9.09234246499e-14 	24.7255086097 	1.0411622184 	0.0 	-1.0 	Amensalism
267747.3X428125.8 	267747.3 	428125.8 	24.7255086097 	-0.0 	24.7255086097 	0.238869688949 	0.0 	-1.0 	Amensalism
267747.3X435590.9 	267747.3 	435590.9 	24.7255086097 	3.55848022465e-13 	24.7255086097 	1.78141753371 	0.0 	-1.0 	Amensalism
267747.3X457394.3 	267747.3 	457394.3 	24.7255086097 	-6.6083617954e-29 	24.7255086097 	1.78136687039 	0.0 	-1.0 	Amensalism
267747.3X457412.4 	267747.3 	457412.4 	24.7255086097 	0.0 	24.7255086097 	1.99260223296 	0.0 	-1.0 	Amensalism
267747.3X525257.3 	267747.3 	525257.3 	1.88999190071 	23.0112576834 	24.7255086097 	10.6689863075 	-0.923561050632 	1.15683636853 	Parasitism
267747.3X537011.5 	267747.3 	537011.5 	24.7255086097 	-1.02037880317e-14 	24.7255086097 	8.68963475561 	0.0 	-1.0 	Amensalism
267747.3X548479.6 	267747.3 	548479.6 	24.7255086097 	0.0 	24.7255086097 	0.78731522686 	0.0 	-1.0 	Amensalism
267747.3X552395.3 	267747.3 	552395.3 	24.7255086097 	0.0 	24.7255086097 	12.3720208349 	0.0 	-1.0 	Amensalism
267747.3X553177.6 	267747.3 	553177.6 	10.0238225517 	14.81484905 	24.7255086097 	2.78995483491 	-0.594595900536 	4.31006769881 	Parasitism
267747.3X553178.3 	267747.3 	553178.3 	20.6149612269 	7.77532199934 	24.7255086097 	1.45910863199 	-0.166247232673 	4.32881639439 	Parasitism
267747.3X553206.4 	267747.3 	553206.4 	24.7255086097 	0.0 	24.7255086097 	2.4364986783 	0.0 	-1.0 	Amensalism
267747.3X553220.3 	267747.3 	553220.3 	20.30446506 	5.43024983738 	24.7255086097 	0.888257899999 	-0.178804958858 	5.11337071968 	Parasitism
267747.3X575604.3 	267747.3 	575604.3 	24.7255086097 	-6.96721951491e-27 	24.7255086097 	14.2830954433 	0.0 	-1.0 	Amensalism
267747.3X596320.3 	267747.3 	596320.3 	0.0 	30.4096943335 	24.7255086097 	15.2048471668 	-1.0 	0.999999999993 	Parasitism
267747.3X620833.3 	267747.3 	620833.3 	-1.82763294522e-26 	30.09391368 	24.7255086097 	14.9819087572 	-1.0 	1.00868355079 	Parasitism
267747.3X635013.3 	267747.3 	635013.3 	30.5826439496 	0.0 	24.7255086097 	0.238864222342 	0.236886344073 	-1.0 	Parasitism
267747.3X665946.3 	267747.3 	665946.3 	1.47826222751e-25 	30.4353858072 	24.7255086097 	15.2176929036 	-1.0 	1.0 	Parasitism
267747.3X679201.3 	267747.3 	679201.3 	0.0 	30.5091313735 	24.7255086097 	30.5091313735 	-1.0 	0.0 	Amensalism
267747.3X699246.3 	267747.3 	699246.3 	24.7255086097 	2.77855100879e-15 	24.7255086097 	0.122331770253 	0.0 	-1.0 	Amensalism
267747.3X706433.3 	267747.3 	706433.3 	24.7525363864 	4.13032773691 	24.7255086097 	0.630304322756 	0.00109311307309 	5.55291037645 	Commensalism
267747.3X713605.5 	267747.3 	713605.5 	19.1694419021 	10.5548342609 	24.7255086097 	1.7285697881 	-0.224709905681 	5.10610825988 	Parasitism
267747.3X717959.3 	267747.3 	717959.3 	24.7255086097 	1.74988916493e-14 	24.7255086097 	5.83503866084 	0.0 	-1.0 	Amensalism
267747.3X748671.3 	267747.3 	748671.3 	24.7255086097 	0.0 	24.7255086097 	16.2046265099 	0.0 	-1.0 	Amensalism
267747.3X762948.4 	267747.3 	762948.4 	24.7255086097 	0.0 	24.7255086097 	2.40331965223 	0.0 	-1.0 	Amensalism
267747.3X762963.3 	267747.3 	762963.3 	24.7255086097 	1.78331891626e-13 	24.7255086097 	16.2048516596 	0.0 	-1.0 	Amensalism
267747.3X762966.3 	267747.3 	762966.3 	6.83400335581 	28.2280173341 	24.7255086097 	7.11558650782 	-0.723605145452 	2.96706825264 	Parasitism
267747.3X857291.3 	267747.3 	857291.3 	24.7255086097 	-2.88729833712e-27 	24.7255086097 	6.37648148707 	0.0 	-1.0 	Amensalism
267747.3X857576.3 	267747.3 	857576.3 	15.4765753235 	16.7348742166 	24.7255086097 	13.1280718492 	-0.374064430067 	0.274739688267 	Parasitism
267747.3X862512.3 	267747.3 	862512.3 	24.7255086097 	0.0 	24.7255086097 	3.08901330302 	0.0 	-1.0 	Amensalism
267747.3X866778.4 	267747.3 	866778.4 	11.7678573872 	20.4435921529 	24.7255086097 	19.5050092456 	-0.524060047744 	0.0481200954833 	Amensalism
267747.3X871541.3 	267747.3 	871541.3 	0.0 	24.7256664882 	24.7255086097 	24.7256664882 	-1.0 	0.0 	Amensalism
267747.3X875454.4 	267747.3 	875454.4 	24.7255086097 	1.37906517749e-23 	24.7255086098 	0.123690291401 	-4.04433467862e-12 	-1.0 	Amensalism
267747.3X888055.3 	267747.3 	888055.3 	24.7255086097 	0.0 	24.7255086097 	12.3624424816 	0.0 	-1.0 	Amensalism
267747.3X888056.4 	267747.3 	888056.4 	15.4661873853 	16.7452621549 	24.7255086097 	32.2114495402 	-0.374484560482 	-0.48014565026 	Competition
267747.3X925409.4 	267747.3 	925409.4 	-3.13020007192e-27 	24.9159717098 	24.7255086097 	12.4579858549 	-1.0 	1.0 	Parasitism
267747.3X927666.3 	267747.3 	927666.3 	24.7255086097 	0.0 	24.7255086097 	0.360059435395 	0.0 	-1.0 	Amensalism
267747.3X997830.4 	267747.3 	997830.4 	24.7255086097 	0.0 	24.7255086097 	0.241581420921 	0.0 	-1.0 	Amensalism
267747.3X997894.4 	267747.3 	997894.4 	32.2114495402 	3.13554537665 	24.7255086097 	24.4644587377 	0.302761858155 	-0.871832628293 	Parasitism
267747.3X999421.3 	267747.3 	999421.3 	24.7255086097 	-4.99822269548e-26 	24.7255086097 	9.37834099553 	0.0 	-1.0 	Amensalism
28037.92X1235797.3 	28037.92 	1235797.3 	9.67093485237e-12 	4.65491628311 	0.35951408443 	2.97037637062 	-0.999999999973 	0.567113288791 	Parasitism
28037.92X575593.3 	28037.92 	575593.3 	9.79706805473 	6.40756878367 	0.35951408443 	6.01344585978 	26.2508602 	0.0655402797464 	Commensalism
28037.97X1203556.3 	28037.97 	1203556.3 	12.8805517693 	0.0 	0.241581421667 	12.5110717784 	52.3176420621 	-1.0 	Parasitism
28037.97X1227268.3 	28037.97 	1227268.3 	1.63451979562e-27 	12.3624465325 	0.241581421667 	12.3624465325 	-1.0 	0.0 	Amensalism
28037.97X537013.3 	28037.97 	537013.3 	0.0 	0.255398830819 	0.241581421667 	0.127699415409 	-1.0 	1.00000000001 	Parasitism
28037.97X592010.4 	28037.97 	592010.4 	1.50266378621 	14.0823091305 	0.241581421667 	14.0632486184 	5.2201131852 	0.00135534204203 	Commensalism
28037.97X762963.3 	28037.97 	762963.3 	16.4158531473 	1.38385857339e-13 	0.241581421667 	16.2048516596 	66.9516373156 	-1.0 	Parasitism
28037.97X944560.4 	28037.97 	944560.4 	0.0 	24.7256853106 	0.241581421667 	24.7256853106 	-1.0 	0.0 	Amensalism
28037.97X997353.4 	28037.97 	997353.4 	0.169788398293 	8.12441821369 	0.241581421667 	7.82625691034 	-0.297179405927 	0.0380975614225 	Amensalism
28037.98X1203564.3 	28037.98 	1203564.3 	3.79418116837 	0.0 	0.241581421991 	2.43763474086 	14.7055999468 	-1.0 	Parasitism
313596.4X340101.3 	313596.4 	340101.3 	10.5044946227 	1.938642524 	7.66902826031 	12.3627482321 	0.369729549318 	-0.843186766599 	Parasitism
334413.6X365659.3 	334413.6 	365659.3 	0.977903227274 	0.0 	0.372294543394 	0.35915994704 	1.62669234515 	-1.0 	Parasitism
334413.6X762966.3 	334413.6 	762966.3 	-5.36189397415e-29 	19.5051247987 	0.372294543394 	7.11558650782 	-1.0 	1.741183004 	Parasitism
397291.3X717959.3 	397291.3 	717959.3 	1.31234512247 	8.46612207218 	1.0411622184 	5.83503866084 	0.260461721793 	0.450911050341 	Mutualism
411471.5X1118055.3 	411471.5 	1118055.3 	3.53258019978 	-4.54383881407e-27 	0.361187095849 	2.86066968651 	8.78047178423 	-1.0 	Parasitism
411471.5X1203556.3 	411471.5 	1203556.3 	11.8294382669 	1.12944219646 	0.361187095849 	12.5110717784 	31.7515528734 	-0.909724585034 	Parasitism
411471.5X562973.4 	411471.5 	562973.4 	4.54624238607e-15 	24.7256826795 	0.361187095849 	24.7256826795 	-1.0 	0.0 	Amensalism
411483.3X1203556.3 	411483.3 	1203556.3 	6.2638959036 	17.3798063393 	3.49868914244 	12.5110717784 	0.790355086886 	0.389154074658 	Mutualism
411483.3X1203564.3 	411483.3 	1203564.3 	5.04238857376 	0.0 	3.49868914244 	2.43763474086 	0.441222231662 	-1.0 	Parasitism
411483.3X196627.13 	411483.3 	196627.13 	-3.85501931902e-14 	24.7253830999 	3.49868914244 	24.7253830999 	-1.0 	0.0 	Amensalism
411483.3X313596.4 	411483.3 	313596.4 	-3.00499206904e-25 	24.9161752503 	3.49868914244 	7.66902826031 	-1.0 	2.24893511988 	Parasitism
411483.3X340101.3 	411483.3 	340101.3 	2.21705989807e-15 	24.7254964643 	3.49868914244 	12.3627482321 	-1.0 	1.00000000001 	Parasitism
411483.3X585544.3 	411483.3 	585544.3 	2.8945159433e-14 	24.7251368957 	3.49868914244 	12.2649823165 	-1.0 	1.01591296731 	Parasitism
411485.10X1095735.3 	411485.10 	1095735.3 	-1.06720296182e-13 	5.17662685851 	4.22505557994 	0.241488782995 	-1.0 	20.4363035596 	Parasitism
411485.10X1203573.3 	411485.10 	1203573.3 	5.2528377619 	-8.44081168586e-29 	4.22505557994 	3.05338917297 	0.243258854828 	-1.0 	Parasitism
411485.10X562973.4 	411485.10 	562973.4 	0.0 	24.7256826795 	4.22505557994 	24.7256826795 	-1.0 	0.0 	Amensalism
411902.9X411485.10 	411902.9 	411485.10 	24.4644531962 	-1.61558713389e-27 	24.4644531962 	4.22505557994 	0.0 	-1.0 	Amensalism
428125.8X1035187.4 	428125.8 	1035187.4 	3.66943580444e-29 	0.362233176535 	0.238869688949 	0.362233176534 	-1.0 	2.76059163837e-12 	Amensalism
428125.8X1076135.3 	428125.8 	1076135.3 	-7.11868080871e-27 	32.2114495402 	0.238869688949 	32.2114495402 	-1.0 	0.0 	Amensalism
428125.8X267747.3 	428125.8 	267747.3 	-7.47209049425e-27 	24.7255086097 	0.238869688949 	24.7255086097 	-1.0 	0.0 	Amensalism
428125.8X699246.3 	428125.8 	699246.3 	1.32045437027e-13 	0.244663540505 	0.238869688949 	0.122331770253 	-0.999999999999 	0.999999999992 	Parasitism
435590.9X1203556.3 	435590.9 	1203556.3 	1.78141753371 	13.4799995932 	1.78141753371 	12.5110717784 	0.0 	0.0774456283172 	Neutralism
435590.9X1227268.3 	435590.9 	1227268.3 	1.78141753371 	10.5810473835 	1.78141753371 	12.3624465325 	0.0 	-0.144097622127 	Amensalism
435590.9X267747.3 	435590.9 	267747.3 	-9.92047190644e-14 	24.7255086097 	1.78141753371 	24.7255086097 	-1.0 	0.0 	Amensalism
435590.9X397291.3 	435590.9 	397291.3 	21.2570509142 	2.27296572871 	1.78141753371 	1.0411622184 	10.9326606548 	1.18310431222 	Mutualism
435590.9X592010.4 	435590.9 	592010.4 	1.78141753371 	14.2697744933 	1.78141753371 	14.0632486184 	0.0 	0.0146855026533 	Neutralism
435590.9X717959.3 	435590.9 	717959.3 	1.78141753371 	8.46612207218 	1.78141753371 	5.83503866084 	0.0 	0.450911050341 	Commensalism
435590.9X857576.3 	435590.9 	857576.3 	9.09208988298e-16 	22.3689729249 	1.78141753371 	13.1280718492 	-1.0 	0.703903907737 	Parasitism
435590.9X944560.4 	435590.9 	944560.4 	-2.91378491957e-14 	24.7256853106 	1.78141753371 	24.7256853106 	-1.0 	0.0 	Amensalism
435590.9X997353.4 	435590.9 	997353.4 	1.78141753371 	8.13138164177 	1.78141753371 	7.82625691034 	0.0 	0.0389873134661 	Neutralism
447454.3X1268240.3 	447454.3 	1268240.3 	5.7665273266 	10.18321072 	7.06184500589 	9.53613968008 	-0.183424824279 	0.0678546101072 	Amensalism
447454.3X904296.3 	447454.3 	904296.3 	14.4641009615 	1.28994956972 	7.06184500589 	1.48468289546 	1.04820425108 	-0.131161560718 	Parasitism
447454.3X999421.3 	447454.3 	999421.3 	2.94942893024 	11.2479123152 	7.06184500589 	9.37834099554 	-0.582343009825 	0.199349897871 	Parasitism
457394.3X997894.4 	457394.3 	997894.4 	32.2114495402 	3.13524438922 	1.78136687039 	24.4644587377 	17.0824343798 	-0.871844931342 	Parasitism
457412.4X553220.3 	457412.4 	553220.3 	1.09482858159 	5.43024983738 	1.99260223296 	0.888257899999 	-0.450553370121 	5.11337071968 	Parasitism
457416.3X1035197.3 	457416.3 	1035197.3 	25.7923661583 	6.41908338184 	32.2114495402 	6.41908338184 	-0.199279556603 	0.0 	Amensalism
457416.3X1268240.3 	457416.3 	1268240.3 	20.4440558418 	11.7673936984 	32.2114495402 	9.53613968008 	-0.365317111349 	0.233978747499 	Parasitism
457416.3X447454.3 	457416.3 	447454.3 	10.6112937602 	21.6001557799 	32.2114495402 	7.06184500589 	-0.670573851482 	2.05871280974 	Parasitism
457416.3X592026.3 	457416.3 	592026.3 	32.2114495402 	9.86076131526e-30 	32.2114495402 	0.360196758494 	0.0 	-1.0 	Amensalism
457416.3X626369.3 	457416.3 	626369.3 	32.2114495402 	2.86107628101e-13 	32.2114495402 	0.239345230288 	0.0 	-0.999999999999 	Amensalism
457416.3X904296.3 	457416.3 	904296.3 	32.2114495402 	-8.59088458447e-25 	32.2114495402 	1.48468289546 	0.0 	-1.0 	Amensalism
457416.3X999421.3 	457416.3 	999421.3 	20.4439887335 	11.7674608067 	32.2114495402 	9.37834099553 	-0.365319194717 	0.254748661017 	Parasitism
468059.3X553207.3 	468059.3 	553207.3 	14.4477462224 	17.7637033178 	23.9949444744 	32.2114495402 	-0.397883740143 	-0.448528285086 	Competition
469609.3X313596.4 	469609.3 	313596.4 	1.79765623082e-26 	12.4580876252 	0.238458450676 	7.66902826031 	-1.0 	0.624467559948 	Parasitism
479436.6X665956.3 	479436.6 	665956.3 	32.2114495402 	0.0 	32.2114495402 	0.358836940284 	0.0 	-1.0 	Amensalism
523794.5X1304880.3 	523794.5 	1304880.3 	12.3624465325 	1.51814151784e-14 	12.3624465325 	0.128254505898 	0.0 	-1.0 	Amensalism
523794.5X997353.4 	523794.5 	997353.4 	4.23111724217 	8.13138164177 	12.3624465325 	7.82625691034 	-0.657744344451 	0.0389873134661 	Amensalism
537011.5X1149865.7 	537011.5 	1149865.7 	-2.27191940704e-28 	32.2114495402 	8.68963475561 	20.5502251182 	-1.0 	0.567449960033 	Parasitism
537011.5X1414720.3 	537011.5 	1414720.3 	12.3626014533 	-5.75552916449e-27 	8.68963475561 	0.709094914168 	0.422683668645 	-1.0 	Parasitism
537011.5X267747.3 	537011.5 	267747.3 	0.0 	24.7255086097 	8.68963475561 	24.7255086097 	-1.0 	0.0 	Amensalism
537013.3X1234871.3 	537013.3 	1234871.3 	1.5369618417 	0.554422009331 	0.127699415409 	1.95265392242 	11.0357782123 	-0.716067449042 	Parasitism
537013.3X1235797.3 	537013.3 	1235797.3 	6.70791096871e-14 	3.02149267948 	0.127699415409 	2.97037637062 	-0.999999999999 	0.0172086976471 	Amensalism
537013.3X267747.3 	537013.3 	267747.3 	-5.19922331445e-14 	24.7255086097 	0.127699415409 	24.7255086097 	-1.0 	0.0 	Amensalism
546271.5X1400053.5 	546271.5 	1400053.5 	0.0 	24.9158913109 	12.3627250539 	7.42675123239 	-1.0 	2.35488432711 	Parasitism
552395.3X1077975.4 	552395.3 	1077975.4 	-1.28539924346e-13 	24.7256579876 	12.3720208349 	24.7256579876 	-1.0 	0.0 	Amensalism
552395.3X1105030.3 	552395.3 	1105030.3 	7.83482229389 	14.6027273567 	12.3720208349 	12.4270826445 	-0.366730593292 	0.175072844886 	Parasitism
552395.3X267747.3 	552395.3 	267747.3 	2.81609846903e-24 	24.7255086097 	12.3720208349 	24.7255086097 	-1.0 	0.0 	Amensalism
552395.3X457394.3 	552395.3 	457394.3 	13.3941655186 	1.78136687039 	12.3720208349 	1.78136687039 	0.0826174395711 	0.0 	Neutralism
552395.3X596320.3 	552395.3 	596320.3 	0.0 	30.4096943335 	12.3720208349 	15.2048471668 	-1.0 	0.999999999993 	Parasitism
552395.3X997830.4 	552395.3 	997830.4 	0.549956408803 	12.3497316354 	12.3720208349 	0.241581420921 	-0.955548376765 	50.120370053 	Parasitism
552395.3X997894.4 	552395.3 	997894.4 	1.22699510797e-13 	24.4644587377 	12.3720208349 	24.4644587377 	-1.0 	0.0 	Amensalism
553174.6X1073372.3 	553174.6 	1073372.3 	7.64558176372 	0.174494768711 	7.65119327242 	0.239485497698 	-0.000733416148332 	-0.271376470023 	Amensalism
553175.3X1035197.3 	553175.3 	1035197.3 	0.41714798946 	6.00563487241 	3.21985560053 	6.41908338184 	-0.870445125119 	-0.0644092754115 	Amensalism
553175.3X267747.3 	553175.3 	267747.3 	0.0 	24.7255086097 	3.21985560053 	24.7255086097 	-1.0 	0.0 	Amensalism
553175.3X620833.3 	553175.3 	620833.3 	0.0472170303474 	14.9894874548 	3.21985560053 	14.9819087572 	-0.985335668364 	0.000505856611652 	Amensalism
553177.6X1105030.3 	553177.6 	1105030.3 	32.2114495402 	0.0 	2.78995483491 	12.4270826445 	10.5455093169 	-1.0 	Parasitism
553177.6X553178.3 	553177.6 	553178.3 	-5.767646068e-25 	3.2521379549 	2.78995483491 	1.45910863199 	-1.0 	1.22885252242 	Parasitism
553178.3X1105030.3 	553178.3 	1105030.3 	32.2114495402 	0.0 	1.45910863199 	12.4270826445 	21.0761147141 	-1.0 	Parasitism
553178.3X1160721.7 	553178.3 	1160721.7 	5.14624286742 	1.08005104701 	1.45910863199 	1.69874955987 	2.52697719319 	-0.36420819612 	Parasitism
553178.3X537011.5 	553178.3 	537011.5 	4.37562037596 	9.84771191167 	1.459108632 	8.68963475561 	1.99883112196 	0.13327109696 	Mutualism
553191.3X1035187.4 	553191.3 	1035187.4 	12.3627385156 	0.0 	12.3627385156 	0.362233176534 	0.0 	-1.0 	Amensalism
553191.3X267747.3 	553191.3 	267747.3 	9.82216748034 	14.9033285849 	12.3627385156 	24.7255086097 	-0.205502286735 	-0.39724885663 	Competition
553206.4X553207.3 	553206.4 	553207.3 	-9.63041393094e-27 	32.2114495402 	2.4364986783 	32.2114495402 	-1.0 	0.0 	Amensalism
553206.4X748671.3 	553206.4 	748671.3 	12.9014972184 	3.30326355331 	2.4364986783 	16.2046265099 	4.2950971545 	-0.796153058431 	Parasitism
553220.3X1514668.3 	553220.3 	1514668.3 	5.37476482097 	0.0625379308552 	0.888257899998 	0.943866038072 	5.05090573468 	-0.933742789408 	Parasitism
562981.3X1076135.3 	562981.3 	1076135.3 	-4.03896783473e-28 	32.2114495402 	2.23830004903 	32.2114495402 	-1.0 	0.0 	Amensalism
562981.3X1227268.3 	562981.3 	1227268.3 	4.03896783473e-26 	24.7248930649 	2.23830004903 	12.3624465325 	-1.0 	0.999999999992 	Parasitism
562981.3X267747.3 	562981.3 	267747.3 	0.0 	24.7255086097 	2.23830004903 	24.7255086097 	-1.0 	0.0 	Amensalism
562981.3X862512.3 	562981.3 	862512.3 	0.0 	4.67983620136 	2.23830004903 	3.08901330302 	-1.0 	0.514993864476 	Parasitism
575593.3X879304.3 	575593.3 	879304.3 	8.72748211474 	3.28166136572e-28 	6.01344585978 	0.23925429573 	0.451327960415 	-1.0 	Parasitism
575604.3X1035187.4 	575604.3 	1035187.4 	0.795649551863 	13.976211059 	14.2830954433 	0.362233176535 	-0.944294319462 	37.5834649181 	Parasitism
575604.3X1035197.3 	575604.3 	1035197.3 	12.0853414891 	6.28524079272 	14.2830954433 	6.41908338184 	-0.153870984264 	-0.0208507322866 	Amensalism
575604.3X1514668.3 	575604.3 	1514668.3 	17.8143532862 	-2.52435489671e-29 	14.2830954433 	0.943866038072 	0.24723337157 	-1.0 	Parasitism
575604.3X267747.3 	575604.3 	267747.3 	-2.65057264154e-28 	24.7255086097 	14.2830954433 	24.7255086097 	-1.0 	0.0 	Amensalism
575604.3X620833.3 	575604.3 	620833.3 	-1.31266454629e-27 	30.09391368 	14.2830954433 	14.9819087572 	-1.0 	1.00868355079 	Parasitism
575604.3X699246.3 	575604.3 	699246.3 	4.02856571016 	10.5018082172 	14.2830954433 	0.122331770253 	-0.717948694934 	84.8469406229 	Parasitism
585394.18X457412.4 	585394.18 	457412.4 	6.34486965528 	13.0553832221 	5.89244369065 	1.99260223296 	0.0767807022658 	5.55192642372 	Commensalism
585394.18X999417.3 	585394.18 	999417.3 	15.4852049248 	13.4604220054 	5.89244369065 	12.3626020608 	1.62797673389 	0.0888016890943 	Commensalism
592010.4X1203556.3 	592010.4 	1203556.3 	8.81784538498 	12.140426537 	14.0632486184 	12.5110717784 	-0.372986596181 	-0.0296253788616 	Amensalism
592010.4X1227268.3 	592010.4 	1227268.3 	3.22662684907 	32.4881797973 	14.0632486184 	12.3624465325 	-0.77056319371 	1.62797333132 	Parasitism
592010.4X537013.3 	592010.4 	537013.3 	11.8855921289 	2.21082232948 	14.0632486184 	0.12769941541 	-0.154847329276 	16.3127051708 	Parasitism
592010.4X762963.3 	592010.4 	762963.3 	26.0193189425 	1.43618138359e-13 	14.0632486184 	16.2048516596 	0.850164186706 	-1.0 	Parasitism
592010.4X944560.4 	592010.4 	944560.4 	1.28121912205e-13 	32.2114495402 	14.0632486184 	24.7256853106 	-1.0 	0.302752548031 	Parasitism
592010.4X997353.4 	592010.4 	997353.4 	14.6269845984 	8.13138164177 	14.0632486184 	7.82625691034 	0.0400857579423 	0.0389873134661 	Neutralism
592026.3X1035197.3 	592026.3 	1035197.3 	0.297562816757 	6.40944960292 	0.360196758494 	6.41908338184 	-0.173888132694 	-0.00150080289458 	Amensalism
592026.3X267747.3 	592026.3 	267747.3 	-8.83524213848e-29 	24.7255086097 	0.360196758494 	24.7255086098 	-1.0 	-4.04433467862e-12 	Amensalism
596320.3X1073372.3 	596320.3 	1073372.3 	15.2048471668 	0.0 	15.2048471668 	0.239485497698 	0.0 	-1.0 	Amensalism
596320.3X1115803.3 	596320.3 	1115803.3 	15.2048471668 	-7.63617356254e-28 	15.2048471668 	12.3628337501 	0.0 	-1.0 	Amensalism
596320.3X457394.3 	596320.3 	457394.3 	15.2048471668 	-3.51862948889e-14 	15.2048471668 	1.78136687039 	0.0 	-1.0 	Amensalism
596320.3X762948.4 	596320.3 	762948.4 	15.2048471668 	0.0 	15.2048471668 	2.40331965223 	0.0 	-1.0 	Amensalism
596320.3X997894.4 	596320.3 	997894.4 	32.2114495402 	7.10714620213 	15.2048471668 	24.4644587377 	1.11849873838 	-0.709490968988 	Parasitism
596330.3X1268240.3 	596330.3 	1268240.3 	0.0272091175457 	9.52600362866 	0.123036792431 	9.53613968008 	-0.778853812684 	-0.00106290928615 	Amensalism
596330.3X447454.3 	596330.3 	447454.3 	0.0 	7.06184500589 	0.123036792431 	7.06184500589 	-1.0 	0.0 	Amensalism
596330.3X457416.3 	596330.3 	457416.3 	-2.97801463812e-15 	32.2114495402 	0.123036792431 	32.2114495402 	-1.0 	0.0 	Amensalism
596330.3X626369.3 	596330.3 	626369.3 	0.246073584862 	-8.66299518162e-14 	0.123036792431 	0.239345230288 	1.0 	-1.0 	Parasitism
596330.3X904296.3 	596330.3 	904296.3 	1.48902602149 	5.04870979341e-28 	0.123036792431 	1.48468289546 	11.102282513 	-1.0 	Parasitism
596330.3X904306.3 	596330.3 	904306.3 	0.369110377293 	0.0 	0.123036792431 	0.358194406475 	2.0 	-1.0 	Parasitism
596330.3X999421.3 	596330.3 	999421.3 	-1.6684407584e-15 	9.37834099553 	0.123036792431 	9.37834099553 	-1.0 	0.0 	Amensalism
620833.3X1035187.4 	620833.3 	1035187.4 	15.04695684 	0.0 	14.9819087572 	0.362233176534 	0.00434177539419 	-1.0 	Amensalism
620833.3X267747.3 	620833.3 	267747.3 	30.09391368 	0.0 	14.9819087572 	24.7255086097 	1.00868355079 	-1.0 	Parasitism
620833.3X388919.9 	620833.3 	388919.9 	15.04695684 	0.0 	14.9819087572 	0.357687689757 	0.00434177539419 	-1.0 	Amensalism
620833.3X553206.4 	620833.3 	553206.4 	30.09391368 	1.95168455205e-28 	14.9819087572 	2.4364986783 	1.00868355079 	-1.0 	Parasitism
626369.3X1268240.3 	626369.3 	1268240.3 	0.241360094389 	12.3617894927 	0.239345230288 	9.53613968008 	0.00841823377293 	0.296309608229 	Commensalism
626369.3X447454.3 	626369.3 	447454.3 	-1.18895430832e-13 	7.36758522211 	0.239345230288 	7.06184500589 	-1.0 	0.043294665341 	Amensalism
626369.3X904296.3 	626369.3 	904296.3 	2.25779073567 	3.19330894433e-27 	0.239345230288 	1.48468289546 	8.43319711428 	-1.0 	Parasitism
626369.3X999421.3 	626369.3 	999421.3 	0.0815952271496 	12.3623380311 	0.239345230288 	9.37834099554 	-0.659089813273 	0.318179626544 	Parasitism
635013.3X1077975.4 	635013.3 	1077975.4 	-1.70393955528e-28 	32.2114495402 	0.238864222342 	24.7256579876 	-1.0 	0.302753987633 	Parasitism
635013.3X1105030.3 	635013.3 	1105030.3 	10.9131402703 	1.94387135221 	0.238864222342 	12.4270826445 	44.6876302499 	-0.843577820489 	Parasitism
635013.3X1197728.3 	635013.3 	1197728.3 	0.171171096866 	7.78066351598 	0.238864222342 	7.78309408591 	-0.283395833885 	-0.000312288391117 	Amensalism
635013.3X1235815.4 	635013.3 	1235815.4 	0.182658788108 	6.40580208564 	0.238864222342 	6.40793751026 	-0.23530285818 	-0.000333246792214 	Amensalism
635013.3X1332188.3 	635013.3 	1332188.3 	0.151570407232 	3.68896643112 	0.238864222342 	3.68896643112 	-0.365453705264 	0.0 	Amensalism
635013.3X267747.3 	635013.3 	267747.3 	0.0 	30.5826439496 	0.238864222342 	24.7255086097 	-1.0 	0.236886344073 	Parasitism
635013.3X457394.3 	635013.3 	457394.3 	0.501695446252 	8.41748991645 	0.238864222342 	1.78136687039 	1.10033734367 	3.72529834049 	Mutualism
635013.3X552395.3 	635013.3 	552395.3 	0.0 	12.50747775 	0.238864222342 	12.3720208349 	-1.0 	0.0109486491259 	Amensalism
635013.3X596320.3 	635013.3 	596320.3 	0.0 	30.2671924409 	0.238864222342 	15.2048471668 	-1.0 	0.990627864185 	Parasitism
635013.3X679201.3 	635013.3 	679201.3 	-4.03896783473e-28 	32.2114495402 	0.238864222342 	30.5091313735 	-1.0 	0.0557970053575 	Amensalism
635013.3X713605.5 	635013.3 	713605.5 	1.85119772315 	3.23117426779e-27 	0.238864222342 	1.7285697881 	6.75 	-1.0 	Parasitism
635013.3X857291.3 	635013.3 	857291.3 	0.183871948572 	6.37495359051 	0.238864222342 	6.37648148707 	-0.230223987631 	-0.000239614364615 	Amensalism
635013.3X871541.3 	635013.3 	871541.3 	0.0 	32.2114495402 	0.238864222342 	24.7256664882 	-1.0 	0.302753539751 	Parasitism
635013.3X888056.4 	635013.3 	888056.4 	0.0 	32.2114495402 	0.238864222342 	32.2114495402 	-1.0 	0.0 	Amensalism
635013.3X925409.4 	635013.3 	925409.4 	0.0 	24.8202258512 	0.238864222342 	12.4579858549 	-1.0 	0.992314499333 	Parasitism
635013.3X997894.4 	635013.3 	997894.4 	-7.77501308186e-27 	24.4644587377 	0.238864222342 	24.4644587377 	-1.0 	0.0 	Amensalism
649742.3X1226322.3 	649742.3 	1226322.3 	18.3018814447 	3.27743391854 	12.4270325515 	1.04482763971 	0.472747525916 	2.13681778121 	Mutualism
649760.3X267747.3 	649760.3 	267747.3 	0.0 	24.7255086097 	7.03496679681 	24.7255086097 	-1.0 	0.0 	Amensalism
649760.3X553206.4 	649760.3 	553206.4 	7.03496679681 	2.86485066665 	7.03496679681 	2.4364986783 	0.0 	0.175806370085 	Commensalism
649760.3X748671.3 	649760.3 	748671.3 	7.03496679681 	11.5939823597 	7.03496679681 	16.2046265099 	0.0 	-0.284526406541 	Amensalism
663917.3X267747.3 	663917.3 	267747.3 	6.02537364464 	18.7001400459 	12.3627647296 	24.7255086097 	-0.51261924202 	-0.243690378989 	Competition
665946.3X1414720.3 	665946.3 	1414720.3 	15.2176929036 	0.0 	15.2176929036 	0.709094914168 	0.0 	-1.0 	Amensalism
665946.3X537011.5 	665946.3 	537011.5 	15.2176929036 	1.15462931803e-13 	15.2176929036 	8.68963475561 	0.0 	-1.0 	Amensalism
679199.3X1316937.3 	679199.3 	1316937.3 	7.88107637419 	5.18396442489 	7.88107637419 	5.06605527667 	0.0 	0.0232743509063 	Neutralism
679201.3X1077975.4 	679201.3 	1077975.4 	30.5091313735 	0.0 	30.5091313735 	24.7256579876 	0.0 	-1.0 	Amensalism
679201.3X1105030.3 	679201.3 	1105030.3 	32.2114495402 	0.0 	30.5091313735 	12.4270826445 	0.0557970053575 	-1.0 	Amensalism
679201.3X1321817.3 	679201.3 	1321817.3 	30.5091313735 	-1.71656132976e-27 	30.5091313735 	1.5730350624 	0.0 	-1.0 	Amensalism
679201.3X267747.3 	679201.3 	267747.3 	30.5091313735 	8.10949010567e-27 	30.5091313735 	24.7255086097 	0.0 	-1.0 	Amensalism
679201.3X457394.3 	679201.3 	457394.3 	30.5091313735 	3.03759897813e-17 	30.5091313735 	1.78136687039 	0.0 	-1.0 	Amensalism
679201.3X552395.3 	679201.3 	552395.3 	30.5091313735 	-1.57817697012e-14 	30.5091313735 	12.3720208349 	0.0 	-1.0 	Amensalism
679201.3X596320.3 	679201.3 	596320.3 	30.5091313735 	0.0 	30.5091313735 	15.2048471668 	0.0 	-1.0 	Amensalism
679201.3X997830.4 	679201.3 	997830.4 	30.5091313735 	0.0 	30.5091313735 	0.241581420921 	0.0 	-1.0 	Amensalism
679201.3X997894.4 	679201.3 	997894.4 	32.2114495402 	7.16345301057 	30.5091313735 	24.4644587377 	0.0557970053575 	-0.707189393096 	Amensalism
680646.3X1105030.3 	680646.3 	1105030.3 	1.39876898162e-14 	23.3668955545 	3.11612189307 	12.4270826445 	-1.0 	0.880320282962 	Parasitism
680646.3X1519439.3 	680646.3 	1519439.3 	-1.01065880438e-22 	3.12184055924 	3.11612189307 	0.640991737032 	-1.0 	3.87032886523 	Parasitism
680646.3X267747.3 	680646.3 	267747.3 	0.0 	24.7255086097 	3.11612189307 	24.7255086097 	-1.0 	0.0 	Amensalism
680646.3X553177.6 	680646.3 	553177.6 	4.16061365061 	12.3456033554 	3.11612189307 	2.78995483491 	0.335189634225 	3.42501907232 	Mutualism
680646.3X553178.3 	680646.3 	553178.3 	2.83573549425 	12.3456033554 	3.11612189307 	1.45910863199 	-0.0899792782316 	7.46105840561 	Commensalism
680646.3X866778.4 	680646.3 	866778.4 	5.39984174612e-16 	32.2114495402 	3.11612189307 	19.5050092456 	-1.0 	0.651444976755 	Parasitism
699246.3X1035187.4 	699246.3 	1035187.4 	0.366995310758 	-6.56332273144e-28 	0.122331770253 	0.362233176535 	1.99999999999 	-1.0 	Parasitism
699246.3X1076135.3 	699246.3 	1076135.3 	-1.47983521748e-16 	32.2114495402 	0.122331770253 	32.2114495402 	-1.0 	0.0 	Amensalism
699246.3X267747.3 	699246.3 	267747.3 	1.39257281099e-14 	24.7255086098 	0.122331770253 	24.7255086097 	-1.0 	4.04433467864e-12 	Amensalism
706433.3X267747.3 	706433.3 	267747.3 	4.13032773691 	24.7525363864 	0.630304322756 	24.7255086097 	5.55291037645 	0.00109311307309 	Commensalism
706434.3X457412.4 	706434.3 	457412.4 	12.4579861633 	-4.15801387992e-14 	12.4579861633 	1.99260223296 	0.0 	-1.0 	Amensalism
706434.3X887898.3 	706434.3 	887898.3 	20.4283781802 	11.7830713599 	12.4579861633 	32.2114495402 	0.639781736183 	-0.634196177816 	Parasitism
710696.3X1176165.3 	710696.3 	1176165.3 	12.3628625903 	0.0 	12.3628625903 	12.362777583 	0.0 	-1.0 	Amensalism
713605.5X1077975.4 	713605.5 	1077975.4 	0.121304942886 	32.0842628292 	1.7285697881 	24.7256579876 	-0.92982352016 	0.297610071501 	Parasitism
713605.5X1105030.3 	713605.5 	1105030.3 	14.1007033122 	0.0 	1.7285697881 	12.4270826445 	7.15743940989 	-1.0 	Parasitism
713605.5X1235815.4 	713605.5 	1235815.4 	1.6724493742 	6.40793751026 	1.7285697881 	6.40793751026 	-0.0324663859604 	0.0 	Neutralism
713605.5X1321817.3 	713605.5 	1321817.3 	14.6062932556 	0.154200670476 	1.7285697881 	1.5730350624 	7.44992973738 	-0.901972515323 	Parasitism
713605.5X267747.3 	713605.5 	267747.3 	10.5548342609 	19.1694419021 	1.7285697881 	24.7255086097 	5.10610825988 	-0.224709905681 	Parasitism
713605.5X457394.3 	713605.5 	457394.3 	13.530529031 	1.78136687039 	1.7285697881 	1.78136687039 	6.8275862069 	0.0 	Commensalism
713605.5X552395.3 	713605.5 	552395.3 	13.7143564211 	0.660367934102 	1.7285697881 	12.3720208349 	6.93393273185 	-0.946624084867 	Parasitism
713605.5X596320.3 	713605.5 	596320.3 	-6.15311506072e-29 	32.2114495402 	1.7285697881 	15.2048471668 	-1.0 	1.11849873838 	Parasitism
713605.5X679201.3 	713605.5 	679201.3 	8.9756593796e-27 	32.2114495402 	1.7285697881 	30.5091313735 	-1.0 	0.0557970053575 	Amensalism
713605.5X857291.3 	713605.5 	857291.3 	1.56700939388 	18.2705437433 	1.7285697881 	6.37648148707 	-0.0934647795722 	1.86530177816 	Commensalism
713605.5X888056.4 	713605.5 	888056.4 	9.36313523447e-24 	32.2114495402 	1.7285697881 	32.2114495402 	-1.0 	0.0 	Amensalism
713605.5X925409.4 	713605.5 	925409.4 	-7.82550017979e-28 	32.2114495402 	1.7285697881 	12.4579858549 	-1.0 	1.58560652704 	Parasitism
713605.5X997830.4 	713605.5 	997830.4 	0.0 	1.75146530168 	1.7285697881 	0.241581420921 	-1.0 	6.25000000001 	Parasitism
713605.5X997894.4 	713605.5 	997894.4 	24.3270836519 	3.3257094004 	1.7285697881 	24.4644587377 	13.0735328243 	-0.86405955529 	Parasitism
742816.3X1203556.3 	742816.3 	1203556.3 	4.55207830846e-23 	24.3072485059 	7.29131721656 	12.5110717784 	-1.0 	0.94285900812 	Parasitism
742816.3X1227268.3 	742816.3 	1227268.3 	-4.0642113837e-27 	12.3624465325 	7.29131721656 	12.3624465325 	-1.0 	0.0 	Amensalism
742816.3X28037.97 	742816.3 	28037.97 	0.0 	7.61213780644 	7.29131721656 	0.241581421667 	-1.0 	30.5096159047 	Parasitism
742816.3X435590.9 	742816.3 	435590.9 	-1.00974195868e-28 	12.3625741176 	7.29131721656 	1.78141753371 	-1.0 	5.9397397767 	Parasitism
742816.3X592010.4 	742816.3 	592010.4 	0.436981862178 	25.5515513728 	7.29131721656 	14.0632486184 	-0.940068186694 	0.816902485772 	Parasitism
742816.3X762963.3 	742816.3 	762963.3 	5.04870979341e-29 	16.2048516596 	7.29131721656 	16.2048516596 	-1.0 	0.0 	Amensalism
742816.3X944560.4 	742816.3 	944560.4 	-8.17457113035e-29 	24.7256853106 	7.29131721656 	24.7256853106 	-1.0 	0.0 	Amensalism
742816.3X997353.4 	742816.3 	997353.4 	2.77305577981 	8.13138164177 	7.29131721656 	7.82625691034 	-0.619676980517 	0.0389873134661 	Amensalism
745776.4X1035197.3 	745776.4 	1035197.3 	36.9471030156 	-3.02464854382e-13 	32.0843231959 	6.41908338184 	0.151562487075 	-1.0 	Parasitism
748671.3X267747.3 	748671.3 	267747.3 	2.297162956e-26 	24.7255086097 	16.2046265099 	24.7255086097 	-1.0 	0.0 	Amensalism
748671.3X553207.3 	748671.3 	553207.3 	-6.0584517521e-28 	32.2114495402 	16.2046265099 	32.2114495402 	-1.0 	0.0 	Amensalism
762948.4X1073372.3 	762948.4 	1073372.3 	-8.38535535885e-29 	4.14148466419 	2.40331965223 	0.239485497698 	-1.0 	16.29325869 	Parasitism
762948.4X1203573.3 	762948.4 	1203573.3 	-2.15803999043e-14 	3.86299993854 	2.40331965223 	3.05338917297 	-1.0 	0.265151515155 	Parasitism
762948.4X176279.9 	762948.4 	176279.9 	20.7808147264 	3.31108120743e-22 	2.40331965223 	19.6754171208 	7.64671276961 	-1.0 	Parasitism
762948.4X553191.3 	762948.4 	553191.3 	0.0 	12.3627385156 	2.40331965223 	12.3627385156 	-1.0 	0.0 	Amensalism
762963.3X1395125.3 	762963.3 	1395125.3 	12.7548796949 	5.26391941724 	16.2048516596 	5.26391941724 	-0.212897472755 	0.0 	Amensalism
762963.3X997353.4 	762963.3 	997353.4 	10.8755268937 	8.13138164177 	16.2048516596 	7.82625691034 	-0.328872172226 	0.0389873134661 	Amensalism
762966.3X365659.3 	762966.3 	365659.3 	19.5051247987 	1.33790809525e-26 	7.11558650782 	0.35915994704 	1.741183004 	-1.0 	Parasitism
762968.3X176279.9 	762968.3 	176279.9 	7.06057106106 	19.6652774294 	7.06057106106 	19.6754171208 	0.0 	-0.000515348230624 	Neutralism
857291.3X1077975.4 	857291.3 	1077975.4 	-2.10026327406e-26 	24.7256579876 	6.37648148707 	24.7256579876 	-1.0 	0.0 	Amensalism
857291.3X1105030.3 	857291.3 	1105030.3 	32.2114495402 	8.2041534143e-28 	6.37648148707 	12.4270826445 	4.05160245592 	-1.0 	Parasitism
857291.3X1235797.3 	857291.3 	1235797.3 	6.37648148707 	3.31572411477 	6.37648148707 	2.97037637062 	0.0 	0.116263968286 	Commensalism
857291.3X1235815.4 	857291.3 	1235815.4 	2.58493941423e-25 	8.33031876334 	6.37648148707 	6.40793751026 	-1.0 	0.3 	Parasitism
857291.3X1321817.3 	857291.3 	1321817.3 	6.37648148707 	1.57985732457 	6.37648148707 	1.5730350624 	0.0 	0.00433700578777 	Neutralism
857291.3X267747.3 	857291.3 	267747.3 	-1.22936893866e-11 	24.7255086098 	6.37648148707 	24.7255086097 	-1.0 	4.04433467864e-12 	Amensalism
857291.3X457394.3 	857291.3 	457394.3 	6.37648148707 	1.78136687039 	6.37648148707 	1.78136687039 	0.0 	0.0 	Neutralism
857291.3X537013.3 	857291.3 	537013.3 	6.38141182158 	0.0688409111009 	6.37648148707 	0.127699415409 	0.000773206120021 	-0.460914438172 	Amensalism
857291.3X552395.3 	857291.3 	552395.3 	10.2631533914 	9.47826521074 	6.37648148707 	12.3720208349 	0.609532374902 	-0.233895146377 	Parasitism
857291.3X596320.3 	857291.3 	596320.3 	0.0 	15.2048471668 	6.37648148707 	15.2048471668 	-1.0 	0.0 	Amensalism
857291.3X679201.3 	857291.3 	679201.3 	2.65781672529e-29 	30.5091313735 	6.37648148707 	30.5091313735 	-1.0 	0.0 	Amensalism
857291.3X888056.4 	857291.3 	888056.4 	0.0 	32.2114495402 	6.37648148707 	32.2114495402 	-1.0 	0.0 	Amensalism
857291.3X925409.4 	857291.3 	925409.4 	0.0 	12.4579858549 	6.37648148707 	12.4579858549 	-1.0 	0.0 	Amensalism
857291.3X997830.4 	857291.3 	997830.4 	12.3625637905 	-3.43312265952e-27 	6.37648148707 	0.241581420921 	0.938775140423 	-1.0 	Parasitism
857291.3X997894.4 	857291.3 	997894.4 	32.2114495402 	3.13521793894 	6.37648148707 	24.4644587377 	4.05160245592 	-0.871846012513 	Parasitism
857576.3X267747.3 	857576.3 	267747.3 	16.7348742166 	15.4765753236 	13.1280718492 	24.7255086098 	0.274739688267 	-0.374064430065 	Parasitism
857576.3X397291.3 	857576.3 	397291.3 	32.2114495402 	1.32827089986e-14 	13.1280718492 	1.0411622184 	1.45363141749 	-1.0 	Parasitism
857576.3X717959.3 	857576.3 	717959.3 	13.2642688678 	3.59851192538 	13.1280718492 	5.83503866084 	0.0103744875991 	-0.383292530771 	Amensalism
862512.3X1160721.7 	862512.3 	1160721.7 	-1.09809438007e-27 	5.21567430263 	3.08901330302 	1.69874955987 	-1.0 	2.07030207739 	Parasitism
862512.3X1268240.3 	862512.3 	1268240.3 	-1.25949532128e-26 	24.7251583598 	3.08901330302 	9.53613968008 	-1.0 	1.59278483635 	Parasitism
862512.3X447454.3 	862512.3 	447454.3 	0.0 	32.2114495402 	3.08901330302 	7.06184500589 	-1.0 	3.56133623909 	Parasitism
862512.3X457416.3 	862512.3 	457416.3 	-1.95637504495e-27 	32.2114495402 	3.08901330302 	32.2114495402 	-1.0 	0.0 	Amensalism
862512.3X596330.3 	862512.3 	596330.3 	1.39600836179 	1.77112271523 	3.08901330302 	0.123036792431 	-0.548073049596 	13.3950657379 	Parasitism
862512.3X626369.3 	862512.3 	626369.3 	0.0 	3.72870451102 	3.08901330302 	0.239345230288 	-1.0 	14.5787709098 	Parasitism
862512.3X762966.3 	862512.3 	762966.3 	-1.35936511188e-26 	37.087902763 	3.08901330302 	7.11558650782 	-1.0 	4.21220601032 	Parasitism
862512.3X904296.3 	862512.3 	904296.3 	7.47714780604 	8.72757232482 	3.08901330302 	1.48468289546 	1.42056186638 	4.87840834666 	Mutualism
862512.3X904306.3 	862512.3 	904306.3 	2.65297218201 	13.5516955044 	3.08901330302 	0.358194406475 	-0.14115870611 	36.8333532278 	Parasitism
862512.3X999421.3 	862512.3 	999421.3 	0.0 	24.7252099935 	3.08901330302 	9.37834099554 	-1.0 	1.63641618547 	Parasitism
862965.3X553178.3 	862965.3 	553178.3 	7.71855176297 	24.4928977772 	32.2114495402 	1.45910863199 	-0.760378627067 	15.7862057973 	Parasitism
866778.4X1105030.3 	866778.4 	1105030.3 	32.2114495402 	-1.95637504495e-28 	19.5050092456 	12.4270826445 	0.651444976755 	-1.0 	Parasitism
866778.4X553177.6 	866778.4 	553177.6 	19.5050092456 	-2.09358306717e-27 	19.5050092456 	2.78995483491 	0.0 	-1.0 	Amensalism
866778.4X553178.3 	866778.4 	553178.3 	0.0 	24.9158709533 	19.5050092456 	1.459108632 	-1.0 	16.0760904342 	Parasitism
871541.3X1035195.3 	871541.3 	1035195.3 	3.80526005343 	28.4061894867 	24.7256664882 	16.7865277771 	-0.846100809649 	0.692201619292 	Parasitism
871541.3X1077975.4 	871541.3 	1077975.4 	9.00122104475 	15.7244400374 	24.7256664882 	24.7256579876 	-0.635956383661 	-0.36404361634 	Competition
871541.3X1105030.3 	871541.3 	1105030.3 	32.2114495402 	5.39580859171e-28 	24.7256664882 	12.4270826445 	0.302753539751 	-1.0 	Parasitism
871541.3X1235815.4 	871541.3 	1235815.4 	24.7256664882 	-1.46751673654e-28 	24.7256664882 	6.40793751026 	0.0 	-1.0 	Amensalism
871541.3X1321817.3 	871541.3 	1321817.3 	24.7256664882 	0.0 	24.7256664882 	1.5730350624 	0.0 	-1.0 	Amensalism
871541.3X267747.3 	871541.3 	267747.3 	24.7256664882 	0.0 	24.7256664882 	24.7255086097 	0.0 	-1.0 	Amensalism
871541.3X457394.3 	871541.3 	457394.3 	24.7256664882 	0.0 	24.7256664882 	1.78136687039 	0.0 	-1.0 	Amensalism
871541.3X552395.3 	871541.3 	552395.3 	24.7256664882 	0.0 	24.7256664882 	12.3720208349 	0.0 	-1.0 	Amensalism
871541.3X596320.3 	871541.3 	596320.3 	-7.81540276021e-26 	30.4096943335 	24.7256664882 	15.2048471668 	-1.0 	0.999999999993 	Parasitism
871541.3X679201.3 	871541.3 	679201.3 	-3.76128879609e-27 	30.5091313735 	24.7256664882 	30.5091313735 	-1.0 	0.0 	Amensalism
871541.3X713605.5 	871541.3 	713605.5 	32.2114495402 	-1.28648698601e-24 	24.7256664882 	1.7285697881 	0.302753539751 	-1.0 	Parasitism
871541.3X857291.3 	871541.3 	857291.3 	24.7256664882 	-2.33783580473e-15 	24.7256664882 	6.37648148707 	0.0 	-1.0 	Amensalism
871541.3X888056.4 	871541.3 	888056.4 	15.4664082925 	16.7450412477 	24.7256664882 	32.2114495402 	-0.3744796202 	-0.480152508294 	Competition
871541.3X925409.4 	871541.3 	925409.4 	-2.61504308804e-24 	24.9159717098 	24.7256664882 	12.4579858549 	-1.0 	1.0 	Parasitism
871541.3X997830.4 	871541.3 	997830.4 	24.7256664882 	3.54466759152e-26 	24.7256664882 	0.241581420921 	0.0 	-1.0 	Amensalism
871541.3X997894.4 	871541.3 	997894.4 	32.2114495402 	3.13568104677 	24.7256664882 	24.4644587377 	0.302753539751 	-0.871827082692 	Parasitism
875454.4X267747.3 	875454.4 	267747.3 	0.0 	24.7255086097 	0.123690291401 	24.7255086097 	-1.0 	0.0 	Amensalism
879304.3X1035187.4 	879304.3 	1035187.4 	-9.49441405873e-29 	0.362233176534 	0.23925429573 	0.362233176535 	-1.0 	-2.76059163836e-12 	Amensalism
879304.3X553191.3 	879304.3 	553191.3 	0.0 	32.2114495402 	0.23925429573 	12.3627385156 	-1.0 	1.60552704399 	Parasitism
883096.3X1073372.3 	883096.3 	1073372.3 	1.33441223508 	0.107904795302 	1.21802286899 	0.239485497698 	0.0955559776858 	-0.549430774142 	Amensalism
883096.3X553191.3 	883096.3 	553191.3 	1.33441223508 	11.0385183449 	1.21802286899 	12.3627385156 	0.0955559776858 	-0.107113821831 	Amensalism
883096.3X596320.3 	883096.3 	596320.3 	0.0 	15.2048471668 	1.21802286899 	15.2048471668 	-1.0 	0.0 	Amensalism
883096.3X762948.4 	883096.3 	762948.4 	12.457890235 	-1.34778599952e-14 	1.21802286899 	2.40331965223 	9.2279608636 	-1.0 	Parasitism
883096.3X997829.3 	883096.3 	997829.3 	1.26217744835e-28 	6.92240736016 	1.21802286899 	6.92240736015 	-1.0 	1.44458427641e-12 	Amensalism
883103.3X1105030.3 	883103.3 	1105030.3 	12.3747675548 	0.338981558967 	0.475491286568 	12.4270826445 	25.0252246558 	-0.972722354179 	Parasitism
887901.3X1035195.3 	887901.3 	1035195.3 	0.0 	32.2114495402 	2.762362733 	16.7865277771 	-1.0 	0.918886976981 	Parasitism
888056.4X1077975.4 	888056.4 	1077975.4 	32.2114495402 	0.0 	32.2114495402 	24.7256579876 	0.0 	-1.0 	Amensalism
888056.4X1105030.3 	888056.4 	1105030.3 	32.2114495402 	0.0 	32.2114495402 	12.4270826445 	0.0 	-1.0 	Amensalism
888056.4X1235815.4 	888056.4 	1235815.4 	32.2114495402 	-3.02922587605e-28 	32.2114495402 	6.40793751026 	0.0 	-1.0 	Amensalism
888056.4X1321817.3 	888056.4 	1321817.3 	32.2114495402 	1.3000427718e-27 	32.2114495402 	1.5730350624 	0.0 	-1.0 	Amensalism
888056.4X267747.3 	888056.4 	267747.3 	16.7452621549 	15.4661873853 	32.2114495402 	24.7255086097 	-0.48014565026 	-0.374484560482 	Competition
888056.4X457394.3 	888056.4 	457394.3 	32.2114495402 	-1.01853935602e-13 	32.2114495402 	1.78136687039 	0.0 	-1.0 	Amensalism
888056.4X552395.3 	888056.4 	552395.3 	32.2114495402 	-2.44995615396e-13 	32.2114495402 	12.3720208349 	0.0 	-1.0 	Amensalism
888056.4X596320.3 	888056.4 	596320.3 	28.497524035 	3.71392550517 	32.2114495402 	15.2048471668 	-0.115298304119 	-0.755740688188 	Competition
888056.4X679201.3 	888056.4 	679201.3 	32.2114495402 	0.0 	32.2114495402 	30.5091313735 	0.0 	-1.0 	Amensalism
888056.4X997830.4 	888056.4 	997830.4 	32.2114495402 	-3.08129069579e-27 	32.2114495402 	0.241581420921 	0.0 	-1.0 	Amensalism
888056.4X997894.4 	888056.4 	997894.4 	32.2114495402 	12.6342379621 	32.2114495402 	24.4644587377 	0.0 	-0.483567648172 	Amensalism
888810.3X1035187.4 	888810.3 	1035187.4 	0.0 	0.482977568713 	0.357687689568 	0.362233176535 	-1.0 	0.333333333332 	Parasitism
888810.3X553191.3 	888810.3 	553191.3 	0.0 	12.3627385156 	0.357687689568 	12.3627385156 	-1.0 	0.0 	Amensalism
888810.3X762948.4 	888810.3 	762948.4 	0.0 	4.06237829407 	0.357687689568 	2.40331965223 	-1.0 	0.690319592028 	Parasitism
888810.3X879304.3 	888810.3 	879304.3 	0.0 	0.358881443595 	0.357687689568 	0.23925429573 	-1.0 	0.5 	Parasitism
888810.3X883096.3 	888810.3 	883096.3 	0.226671273447 	1.33441223508 	0.357687689568 	1.21802286899 	-0.366287182763 	0.0955559776858 	Amensalism
904296.3X1268240.3 	904296.3 	1268240.3 	1.74419707959 	22.0638551015 	1.48468289546 	9.53613968008 	0.174794351658 	1.31370930394 	Mutualism
904296.3X999421.3 	904296.3 	999421.3 	-2.2059952194e-15 	24.7252099935 	1.48468289546 	9.37834099554 	-1.0 	1.63641618547 	Parasitism
904306.3X1268240.3 	904306.3 	1268240.3 	0.0 	12.3625791799 	0.358194406475 	9.53613968008 	-1.0 	0.296392418174 	Parasitism
904306.3X447454.3 	904306.3 	447454.3 	0.0 	11.0513778332 	0.358194406475 	7.06184500589 	-1.0 	0.564941998016 	Parasitism
904306.3X457416.3 	904306.3 	457416.3 	-3.15544362088e-30 	32.2114495402 	0.358194406475 	32.2114495402 	-1.0 	0.0 	Amensalism
904306.3X626369.3 	904306.3 	626369.3 	-4.78617688416e-26 	0.359017845432 	0.358194406475 	0.239345230288 	-1.0 	0.5 	Parasitism
904306.3X904296.3 	904306.3 	904296.3 	5.72084251767 	2.41496925133 	0.358194406475 	1.48468289546 	14.9713340417 	0.626589259373 	Mutualism
904306.3X999421.3 	904306.3 	999421.3 	1.13595970352e-28 	12.3626049968 	0.358194406475 	9.37834099553 	-1.0 	0.318208092742 	Parasitism
925409.4X1077975.4 	925409.4 	1077975.4 	24.9159717098 	1.00974195868e-28 	12.4579858549 	24.7256579876 	1.0 	-1.0 	Parasitism
925409.4X1105030.3 	925409.4 	1105030.3 	32.2114495402 	-7.64172714331e-25 	12.4579858549 	12.4270826445 	1.58560652704 	-1.0 	Parasitism
925409.4X1235815.4 	925409.4 	1235815.4 	12.4579858549 	-4.82040473751e-30 	12.4579858549 	6.40793751026 	0.0 	-1.0 	Amensalism
925409.4X1321817.3 	925409.4 	1321817.3 	24.9159717098 	-1.51461293802e-28 	12.4579858549 	1.5730350624 	1.0 	-1.0 	Parasitism
925409.4X267747.3 	925409.4 	267747.3 	24.9159717098 	0.0 	12.4579858549 	24.7255086097 	1.0 	-1.0 	Parasitism
925409.4X457394.3 	925409.4 	457394.3 	12.4579858549 	2.7919071041e-13 	12.4579858549 	1.78136687039 	0.0 	-1.0 	Amensalism
925409.4X552395.3 	925409.4 	552395.3 	24.9159717098 	5.07232267982e-15 	12.4579858549 	12.3720208349 	1.0 	-1.0 	Parasitism
925409.4X596320.3 	925409.4 	596320.3 	0.0 	15.2048471668 	12.4579858549 	15.2048471668 	-1.0 	0.0 	Amensalism
925409.4X679201.3 	925409.4 	679201.3 	0.0 	30.5091313735 	12.4579858549 	30.5091313735 	-1.0 	0.0 	Amensalism
925409.4X888056.4 	925409.4 	888056.4 	0.0 	32.2114495402 	12.4579858549 	32.2114495402 	-1.0 	0.0 	Amensalism
925409.4X997830.4 	925409.4 	997830.4 	12.4579858549 	0.0 	12.4579858549 	0.241581420921 	0.0 	-1.0 	Amensalism
925409.4X997894.4 	925409.4 	997894.4 	32.2114495402 	3.2979664616 	12.4579858549 	24.4644587377 	1.58560652704 	-0.865193565206 	Parasitism
927666.3X1203573.3 	927666.3 	1203573.3 	3.98089634683 	4.84732487457e-13 	0.360059435395 	3.05338917297 	10.0562200445 	-1.0 	Parasitism
936572.3X1203559.3 	936572.3 	1203559.3 	30.5255668073 	-3.92537186438e-27 	15.2627834036 	4.08490754086 	1.00000000001 	-1.0 	Parasitism
936572.3X267747.3 	936572.3 	267747.3 	30.5255668073 	2.82727748431e-27 	15.2627834036 	24.7255086097 	1.00000000001 	-1.0 	Parasitism
944560.4X1197728.3 	944560.4 	1197728.3 	24.7256853106 	-1.00974195868e-28 	24.7256853106 	7.7830940859 	0.0 	-1.0 	Amensalism
944560.4X1203556.3 	944560.4 	1203556.3 	32.2114495402 	0.0 	24.7256853106 	12.5110717784 	0.302752548031 	-1.0 	Parasitism
944560.4X635013.3 	944560.4 	635013.3 	32.2114495402 	0.0 	24.7256853106 	0.238864222342 	0.302752548031 	-1.0 	Parasitism
944560.4X762963.3 	944560.4 	762963.3 	24.7256853106 	1.55177507369e-14 	24.7256853106 	16.2048516596 	0.0 	-1.0 	Amensalism
944560.4X997353.4 	944560.4 	997353.4 	24.7256853106 	0.0 	24.7256853106 	7.82625691034 	0.0 	-1.0 	Amensalism
944564.4X883098.3 	944564.4 	883098.3 	11.827575748 	3.00752433299 	13.4555350251 	1.21802290044 	-0.120988074726 	1.46918537566 	Parasitism
997353.4X1304880.3 	997353.4 	1304880.3 	8.13138164177 	0.0389029754731 	7.82625691034 	0.128254505898 	0.0389873134661 	-0.696673616255 	Amensalism
997353.4X537013.3 	997353.4 	537013.3 	8.13138164177 	0.0517350894264 	7.82625691034 	0.127699415409 	0.0389873134661 	-0.594868236 	Amensalism
997829.3X1226322.3 	997829.3 	1226322.3 	12.3627107821 	1.79830256328e-13 	6.92240736015 	1.04482763971 	0.785897613201 	-1.0 	Parasitism
997829.3X1235797.3 	997829.3 	1235797.3 	10.0357015627 	3.07987776326 	6.92240736015 	2.97037637062 	0.449741548074 	0.0368644841519 	Commensalism
997829.3X879304.3 	997829.3 	879304.3 	11.8632035619 	0.0333656390837 	6.92240736016 	0.23925429573 	0.713739591544 	-0.86054319743 	Parasitism
997830.4X1105030.3 	997830.4 	1105030.3 	12.8805517304 	-5.9776723954e-26 	0.241581420921 	12.4270826445 	52.3176420657 	-1.0 	Parasitism
997830.4X1414720.3 	997830.4 	1414720.3 	0.724744262764 	0.0 	0.241581420921 	0.709094914168 	2.0 	-1.0 	Parasitism
997830.4X537011.5 	997830.4 	537011.5 	0.546461999171 	8.67724662796 	0.241581420921 	8.68963475561 	1.26201997276 	-0.00142562121406 	Commensalism
997890.3X478801.5 	997890.3 	478801.5 	0.0 	12.3628716974 	5.55908562446 	12.3628716974 	-1.0 	0.0 	Amensalism
997895.4X944565.4 	997895.4 	944565.4 	24.4644565211 	8.5976108012e-14 	24.4644565211 	0.122986864263 	0.0 	-0.999999999999 	Amensalism
999421.3X1296619.3 	999421.3 	1296619.3 	12.3626049967 	1.89326617253e-29 	9.37834099553 	8.10229837113 	0.318208092731 	-1.0 	Parasitism
999421.3X176279.9 	999421.3 	176279.9 	32.2114495402 	3.78653234506e-29 	9.37834099553 	19.6754171208 	2.43466392996 	-1.0 	Parasitism
