Model 	GenomeIDSpeciesA 	GenomeIDSpeciesB 	GRSpeciesAFull 	GRSpeciesBFull 	GRASolo 	GRBSolo 	PercentChangeRawA 	PercentChangeRawB 	TypeOfInteraction
1008452.3X1035195.3 	1008452.3 	1035195.3 	12.7338219871 	111.437520772 	3.59922239467 	107.189399143 	2.53793697382 	0.0396319194152 	Commensalism
1008452.3X887901.3 	1008452.3 	887901.3 	3.11644225004 	27.62362733 	3.59922239467 	27.62362733 	-0.134134568996 	0.0 	Amensalism
1035187.4X1076135.3 	1035187.4 	1076135.3 	12.0440906163 	186.716429519 	3.62233176535 	187.733921963 	2.32495513843 	-0.00541986463267 	Commensalism
1035187.4X1235797.3 	1035187.4 	1235797.3 	11.6489357565 	18.0872300177 	3.62233176535 	22.0694443632 	2.21586660502 	-0.180440172392 	Parasitism
1035187.4X879304.3 	1035187.4 	879304.3 	3.62233176535 	1.03031545109e-25 	3.62233176535 	2.3925429573 	0.0 	-1.0 	Amensalism
1035187.4X997829.3 	1035187.4 	997829.3 	2.76154130467 	49.13939293 	3.62233176535 	49.1425326615 	-0.237634351694 	-6.38903070305e-05 	Amensalism
1035197.3X1035187.4 	1035197.3 	1035187.4 	60.0123050059 	3.03256847168 	60.019681731 	3.62233176535 	-0.000122905101914 	-0.162813163419 	Amensalism
1035197.3X1076135.3 	1035197.3 	1076135.3 	60.019681731 	187.501427733 	60.019681731 	187.733921963 	0.0 	-0.00123842418871 	Neutralism
1035197.3X1077975.4 	1035197.3 	1077975.4 	60.019681731 	127.837417726 	60.019681731 	128.148389783 	0.0 	-0.00242665598473 	Neutralism
1035197.3X1097667.3 	1035197.3 	1097667.3 	59.4268971865 	139.908035484 	60.019681731 	140.768548444 	-0.00987650263053 	-0.00611296322589 	Neutralism
1035197.3X267747.3 	1035197.3 	267747.3 	60.019681731 	153.081235407 	60.019681731 	154.353403393 	0.0 	-0.00824191730169 	Neutralism
1035197.3X428125.8 	1035197.3 	428125.8 	60.0139190769 	1.80531425391 	60.019681731 	2.38869688949 	-9.60127400512e-05 	-0.24422631358 	Amensalism
1035197.3X620833.3 	1035197.3 	620833.3 	23.2978501742 	122.112963776 	60.019681731 	117.271730005 	-0.611829828112 	0.0412821894142 	Amensalism
1035197.3X699246.3 	1035197.3 	699246.3 	60.0129719659 	0.625794386855 	60.019681731 	1.22331770253 	-0.000111792747087 	-0.488444918633 	Amensalism
1073372.3X645127.4 	1073372.3 	645127.4 	11.0340058784 	26.7201956058 	2.39485497698 	23.8832932274 	3.60737956346 	0.118781876159 	Mutualism
1077975.4X1035187.4 	1077975.4 	1035187.4 	130.057520169 	11.5834070747 	128.148389783 	3.62233176535 	0.0148978101811 	2.19777641173 	Commensalism
1077975.4X1035195.3 	1077975.4 	1035195.3 	125.062662306 	100.259439926 	128.148389783 	107.189399143 	-0.0240793308619 	-0.0646515352489 	Neutralism
1077975.4X1076135.3 	1077975.4 	1076135.3 	129.755388968 	171.730199085 	128.148389783 	187.733921963 	0.012540143405 	-0.0852468361107 	Neutralism
1077975.4X1105030.3 	1077975.4 	1105030.3 	130.057520169 	26.1286193949 	128.148389783 	19.877492208 	0.0148978101811 	0.314482688333 	Commensalism
1077975.4X267747.3 	1077975.4 	267747.3 	129.384287272 	117.871580489 	128.148389783 	154.353403393 	0.00964426857874 	-0.236352565619 	Amensalism
1077975.4X457394.3 	1077975.4 	457394.3 	118.570566008 	71.9332260583 	128.148389783 	17.8136687039 	-0.0747401024017 	3.03809160561 	Commensalism
1077975.4X596320.3 	1077975.4 	596320.3 	117.490434057 	91.5796617865 	128.148389783 	97.6127807015 	-0.0831688618487 	-0.0618066494125 	Neutralism
1077975.4X699246.3 	1077975.4 	699246.3 	124.052275401 	11.8196182794 	128.148389783 	1.22331770253 	-0.031963838086 	8.66193676014 	Commensalism
1077975.4X871541.3 	1077975.4 	871541.3 	109.408387446 	93.2663609983 	128.148389783 	95.5096417611 	-0.146236736714 	-0.0234874796035 	Amensalism
1077975.4X997830.4 	1077975.4 	997830.4 	130.057520169 	11.8829754465 	128.148389783 	2.41581420921 	0.0148978101811 	3.91882836072 	Commensalism
1077975.4X997894.4 	1077975.4 	997894.4 	134.505499939 	50.0897063914 	128.148389783 	43.0367913625 	0.0496074134585 	0.163881060962 	Commensalism
1095735.3X562973.4 	1095735.3 	562973.4 	14.6987420072 	109.613632603 	2.41488782995 	107.85272389 	5.08671832493 	0.0163269748736 	Commensalism
1095740.3X365659.3 	1095740.3 	365659.3 	3.62372138824 	0.0 	2.41581425883 	3.5915994704 	0.499999999998 	-1.0 	Parasitism
1095740.3X762966.3 	1095740.3 	762966.3 	15.1441145988 	48.830541889 	2.41581425883 	30.6111346383 	5.26874129228 	0.595188890121 	Mutualism
1095740.3X762968.3 	1095740.3 	762968.3 	2.9350867835 	70.5835578813 	2.41581425883 	70.6057106106 	0.214947205801 	-0.000313752656951 	Commensalism
1095742.3X1105030.3 	1095742.3 	1105030.3 	122.695387798 	24.7082598662 	113.518232184 	19.877492208 	0.0808430103027 	0.243027018079 	Commensalism
1095745.3X1160721.7 	1095745.3 	1160721.7 	164.565030742 	18.3213882321 	152.237658433 	9.4465812583 	0.0809745265126 	0.939472887718 	Commensalism
1095745.3X1227268.3 	1095745.3 	1227268.3 	166.395656025 	75.7959370468 	152.237658433 	86.5823178198 	0.0929993126387 	-0.124579487413 	Amensalism
1095745.3X267747.3 	1095745.3 	267747.3 	169.790199995 	78.7619371321 	152.237658433 	154.353403393 	0.115296975418 	-0.489729831667 	Parasitism
1095745.3X562981.3 	1095745.3 	562981.3 	183.379189291 	17.5009454584 	152.237658433 	14.5931177728 	0.20455865637 	0.199260208193 	Mutualism
1095745.3X862512.3 	1095745.3 	862512.3 	188.744267814 	33.8273572223 	152.237658433 	26.1459817409 	0.239800124074 	0.293787992263 	Mutualism
1095752.3X862512.3 	1095752.3 	862512.3 	54.2139513324 	25.627656916 	52.218508655 	26.1459817409 	0.0382133218431 	-0.0198242632477 	Neutralism
1097667.3X1035187.4 	1097667.3 	1035187.4 	155.395133658 	7.79803054471 	140.768548444 	3.62233176535 	0.103905207347 	1.15276541462 	Mutualism
1097667.3X1076135.3 	1097667.3 	1076135.3 	153.895971341 	168.218524061 	140.768548444 	187.733921963 	0.0932553687745 	-0.103952432773 	Amensalism
1097667.3X1077975.4 	1097667.3 	1077975.4 	150.63552371 	104.566437257 	140.768548444 	128.148389783 	0.070093606669 	-0.184020669834 	Amensalism
1097667.3X267747.3 	1097667.3 	267747.3 	159.097780211 	122.566975597 	140.768548444 	154.353403393 	0.130208288496 	-0.205932795113 	Parasitism
1097667.3X428125.8 	1097667.3 	428125.8 	139.646856608 	6.17725480897 	140.768548444 	2.38869688949 	-0.00796834128361 	1.58603543888 	Commensalism
1097667.3X699246.3 	1097667.3 	699246.3 	144.939499755 	4.96593886347 	140.768548444 	1.22331770253 	0.0296298523861 	3.05940243749 	Commensalism
1105029.3X267747.3 	1105029.3 	267747.3 	19.1553802749 	160.809531701 	19.8774294792 	154.353403393 	-0.0363250794101 	0.0418269255234 	Neutralism
1105030.3X1105030.3 	1105030.3 	1105030.3 	14.4589845645 	11.7440246861 	19.877492208 	19.877492208 	-0.272595133571 	-0.409179761551 	Competition
1105030.3X457394.3 	1105030.3 	457394.3 	26.132063846 	17.8136687039 	19.877492208 	17.8136687039 	0.31465597232 	0.0 	Commensalism
1105030.3X553177.6 	1105030.3 	553177.6 	15.6234396745 	72.9588452251 	19.877492208 	27.8995483491 	-0.214013543006 	1.6150547067 	Parasitism
1105030.3X553178.3 	1105030.3 	553178.3 	13.4673149977 	53.0965492905 	19.877492208 	14.5910863199 	-0.322484201891 	2.63897163833 	Parasitism
1105030.3X596320.3 	1105030.3 	596320.3 	21.9168080485 	122.863631436 	19.877492208 	97.6127807015 	0.102594221603 	0.258683858333 	Mutualism
1105030.3X796942.3 	1105030.3 	796942.3 	22.784853499 	8.4438595255 	19.877492208 	8.34351810845 	0.146263988464 	0.0120262718611 	Commensalism
1105030.3X866778.4 	1105030.3 	866778.4 	18.4735636319 	85.192936518 	19.877492208 	62.2460612132 	-0.0706290593104 	0.368647828594 	Commensalism
1105030.3X997894.4 	1105030.3 	997894.4 	28.858077277 	23.7273208264 	19.877492208 	43.0367913625 	0.45179668416 	-0.448673563358 	Parasitism
1105031.3X1125778.3 	1105031.3 	1125778.3 	5.64388692925 	35.3552394999 	15.2857115578 	24.7246638119 	-0.630773686399 	0.429958351259 	Parasitism
1118055.3X562973.4 	1118055.3 	562973.4 	30.9330099436 	105.060962704 	19.6083269215 	107.85272389 	0.577544584372 	-0.025884939066 	Commensalism
1121877.3X1415765.3 	1121877.3 	1415765.3 	74.2568747878 	1.84041906895 	64.6822823126 	2.39948159421 	0.14802496345 	-0.232993045918 	Parasitism
1125724.3X1203573.3 	1125724.3 	1203573.3 	-1.37577341871e-27 	30.6631641159 	20.863353896 	25.3374074362 	-1.0 	0.21019343408 	Parasitism
1160721.7X1160721.7 	1160721.7 	1160721.7 	-5.04870979341e-29 	9.4465812583 	9.4465812583 	9.4465812583 	-1.0 	0.0 	Amensalism
1197728.3X1077975.4 	1197728.3 	1077975.4 	63.69184768 	127.922965933 	63.69184768 	128.148389783 	0.0 	-0.00175908452991 	Neutralism
1197728.3X1105030.3 	1197728.3 	1105030.3 	63.6905915761 	19.3349984115 	63.69184768 	19.877492208 	-1.9721580481e-05 	-0.0272918631195 	Neutralism
1197728.3X1203573.3 	1197728.3 	1203573.3 	63.6905915761 	24.6093264767 	63.69184768 	25.3374074362 	-1.9721580481e-05 	-0.0287354166496 	Neutralism
1197728.3X1235815.4 	1197728.3 	1235815.4 	63.2230970085 	12.0268558392 	63.69184768 	46.3929172715 	-0.00735966514671 	-0.740760949159 	Amensalism
1197728.3X1332188.3 	1197728.3 	1332188.3 	63.6905915761 	27.5260709064 	63.69184768 	36.8896643112 	-1.9721580481e-05 	-0.253827015768 	Amensalism
1197728.3X1400053.5 	1197728.3 	1400053.5 	63.6905915761 	51.1765353039 	63.69184768 	54.3494132372 	-1.9721580481e-05 	-0.0583792490906 	Neutralism
1197728.3X267747.3 	1197728.3 	267747.3 	63.6905915761 	153.153465286 	63.69184768 	154.353403393 	-1.9721580481e-05 	-0.00777396598081 	Neutralism
1197728.3X411486.3 	1197728.3 	411486.3 	63.6905915761 	12.2673644478 	63.69184768 	13.1434750176 	-1.9721580481e-05 	-0.0666574531185 	Neutralism
1197728.3X457394.3 	1197728.3 	457394.3 	63.69184768 	17.8136687039 	63.69184768 	17.8136687039 	0.0 	0.0 	Neutralism
1197728.3X552395.3 	1197728.3 	552395.3 	63.6905915761 	17.5244478895 	63.69184768 	16.1579856101 	-1.9721580481e-05 	0.0845688511163 	Neutralism
1197728.3X596320.3 	1197728.3 	596320.3 	42.3765157591 	99.9293961593 	63.69184768 	97.6127807015 	-0.334663425498 	0.0237327063234 	Amensalism
1197728.3X679201.3 	1197728.3 	679201.3 	63.6905915761 	123.399012462 	63.69184768 	126.132923418 	-1.9721580481e-05 	-0.0216748401759 	Neutralism
1197728.3X713605.5 	1197728.3 	713605.5 	63.6905915761 	3.3212839176 	63.69184768 	3.87438055954 	-1.9721580481e-05 	-0.142757437851 	Amensalism
1197728.3X857291.3 	1197728.3 	857291.3 	63.2230970085 	26.766959264 	63.69184768 	63.7648148707 	-0.00735966514671 	-0.580223681065 	Amensalism
1197728.3X871541.3 	1197728.3 	871541.3 	63.6905915761 	97.5054939269 	63.69184768 	95.5096417611 	-1.9721580481e-05 	0.0208968657928 	Neutralism
1197728.3X888056.4 	1197728.3 	888056.4 	63.69184768 	116.122814092 	63.69184768 	115.248285445 	0.0 	0.00758821394716 	Neutralism
1197728.3X925409.4 	1197728.3 	925409.4 	34.2287725353 	90.0870500303 	63.69184768 	90.0870500303 	-0.462587854143 	0.0 	Amensalism
1197728.3X95617.3 	1197728.3 	95617.3 	63.69184768 	108.305280191 	63.69184768 	108.580864297 	0.0 	-0.00253805408333 	Neutralism
1197728.3X997894.4 	1197728.3 	997894.4 	63.6905915761 	42.5113328962 	63.69184768 	43.0367913625 	-1.9721580481e-05 	-0.0122095177095 	Neutralism
1203556.3X1118055.3 	1203556.3 	1118055.3 	18.1165545727 	19.116957177 	19.8774037601 	19.6083269215 	-0.0885854716567 	-0.025059238683 	Neutralism
1203556.3X1197728.3 	1203556.3 	1197728.3 	19.3349123775 	63.6905915761 	19.8774037601 	63.69184768 	-0.0272918631199 	-1.9721580481e-05 	Neutralism
1203556.3X196627.13 	1203556.3 	196627.13 	21.2208787916 	127.412236961 	19.8774037601 	115.244156971 	0.0675880536369 	0.105585222798 	Commensalism
1203556.3X523794.5 	1203556.3 	523794.5 	27.6617881802 	87.2144428184 	19.8774037601 	87.1775203867 	0.391619776609 	0.000423531565663 	Commensalism
1203556.3X537013.3 	1203556.3 	537013.3 	10.5358734646 	10.2022555494 	19.8774037601 	1.27699415409 	-0.469957264452 	6.98927349567 	Parasitism
1203556.3X562973.4 	1203556.3 	562973.4 	27.2481263841 	116.618791136 	19.8774037601 	107.85272389 	0.3708091214 	0.0812781256683 	Commensalism
1203556.3X635013.3 	1203556.3 	635013.3 	9.27971814678 	12.0191590469 	19.8774037601 	2.38864222342 	-0.533152404671 	4.03179543971 	Parasitism
1203556.3X762963.3 	1203556.3 	762963.3 	29.3857232519 	15.0072510001 	19.8774037601 	31.4884377538 	0.478348158872 	-0.523404396324 	Parasitism
1203556.3X997353.4 	1203556.3 	997353.4 	19.2732009308 	70.6342896305 	19.8774037601 	70.6356690236 	-0.0303964660874 	-1.95282796788e-05 	Neutralism
1203559.3X1076135.3 	1203559.3 	1076135.3 	15.6924768589 	243.979145129 	29.7796084846 	187.733921963 	-0.473046233398 	0.299600746513 	Parasitism
1203559.3X1097667.3 	1203559.3 	1097667.3 	17.9719413887 	177.77614125 	29.7796084846 	140.768548444 	-0.396501757302 	0.262896742313 	Parasitism
1203559.3X267747.3 	1203559.3 	267747.3 	22.9567280249 	177.252786201 	29.7796084846 	154.353403393 	-0.229112497004 	0.148356837651 	Parasitism
1203559.3X428125.8 	1203559.3 	428125.8 	30.1723090611 	4.88806205674 	29.7796084846 	2.38869688949 	0.0131868952106 	1.04632997943 	Commensalism
1203564.3X936563.3 	1203564.3 	936563.3 	21.7575445095 	29.1724239753 	20.4305148357 	31.3887442221 	0.0649533153947 	-0.0706087580668 	Neutralism
1203566.3X663917.3 	1203566.3 	663917.3 	19.4059294915 	145.882781899 	22.6689527598 	123.627647296 	-0.143942391291 	0.180017456368 	Parasitism
1203573.3X411486.3 	1203573.3 	411486.3 	15.2814104636 	16.1236185859 	25.3374074362 	13.1434750176 	-0.396883422186 	0.22673939459 	Parasitism
1203603.3X267747.3 	1203603.3 	267747.3 	64.5315065857 	150.140049018 	56.9687115201 	154.353403393 	0.132753486323 	-0.0272968025478 	Commensalism
1203603.3X313596.4 	1203603.3 	313596.4 	61.7509467583 	39.4742809903 	56.9687115201 	67.2073111238 	0.0839449429449 	-0.412649006035 	Amensalism
1203603.3X340101.3 	1203603.3 	340101.3 	63.9428631373 	39.326686764 	56.9687115201 	47.191686496 	0.12242073642 	-0.166660704797 	Parasitism
1203603.3X411483.3 	1203603.3 	411483.3 	59.7697505096 	12.5864914744 	56.9687115201 	17.5198883854 	0.0491680242498 	-0.281588375592 	Amensalism
1218103.5X267747.3 	1218103.5 	267747.3 	125.319656302 	122.89255885 	96.991699722 	154.353403393 	0.292065781517 	-0.203823458709 	Parasitism
1227268.3X1203556.3 	1227268.3 	1203556.3 	86.5823178198 	27.6126383498 	86.5823178198 	19.8774037601 	0.0 	0.389147128219 	Commensalism
1227268.3X537013.3 	1227268.3 	537013.3 	84.4101025558 	9.13396560879 	86.5823178198 	1.27699415409 	-0.0250884397496 	6.15270745722 	Commensalism
1227268.3X762963.3 	1227268.3 	762963.3 	86.4882422456 	47.8586905027 	86.5823178198 	31.4884377538 	-0.00108654488086 	0.519881388746 	Commensalism
1227268.3X862512.3 	1227268.3 	862512.3 	86.0591376176 	33.7872569369 	86.5823178198 	26.1459817409 	-0.00604257561329 	0.292254284873 	Commensalism
1227268.3X944560.4 	1227268.3 	944560.4 	84.1235099993 	84.8378683012 	86.5823178198 	85.6749235987 	-0.0283984984742 	-0.00977013182318 	Neutralism
1227268.3X997353.4 	1227268.3 	997353.4 	55.6686541431 	67.9562486975 	86.5823178198 	70.6356690236 	-0.35704361416 	-0.0379329645084 	Amensalism
1227272.3X445970.5 	1227272.3 	445970.5 	47.1894272745 	25.1604765492 	47.1613598282 	25.1604765492 	0.000595136493143 	0.0 	Neutralism
1235797.3X879304.3 	1235797.3 	879304.3 	13.8320479582 	23.925429573 	22.0694443632 	2.3925429573 	-0.373248925956 	9.0 	Parasitism
1235815.4X1077975.4 	1235815.4 	1077975.4 	46.3929172715 	127.101313117 	46.3929172715 	128.148389783 	0.0 	-0.00817081406776 	Neutralism
1235815.4X1105030.3 	1235815.4 	1105030.3 	46.3920736749 	19.4789813695 	46.3929172715 	19.877492208 	-1.81837368637e-05 	-0.0200483458542 	Neutralism
1235815.4X1321817.3 	1235815.4 	1321817.3 	46.3920736749 	14.1994945235 	46.3929172715 	14.6511250878 	-1.81837368637e-05 	-0.0308256575241 	Neutralism
1235815.4X267747.3 	1235815.4 	267747.3 	46.3920736749 	153.083132971 	46.3929172715 	154.353403393 	-1.81837368637e-05 	-0.0082296236693 	Neutralism
1235815.4X457394.3 	1235815.4 	457394.3 	46.3929172715 	17.8136687039 	46.3929172715 	17.8136687039 	0.0 	0.0 	Neutralism
1235815.4X552395.3 	1235815.4 	552395.3 	46.3920736749 	17.4331560716 	46.3929172715 	16.1579856101 	-1.81837368637e-05 	0.0789189006768 	Neutralism
1235815.4X596320.3 	1235815.4 	596320.3 	42.947208571 	99.2274784957 	46.3929172715 	97.6127807015 	-0.074272300669 	0.0165418686221 	Neutralism
1235815.4X679201.3 	1235815.4 	679201.3 	46.3920736749 	123.256876393 	46.3929172715 	126.132923418 	-1.81837368637e-05 	-0.022801715421 	Neutralism
1235815.4X997830.4 	1235815.4 	997830.4 	46.3867311452 	2.00418044893 	46.3929172715 	2.41581420921 	-0.000133342041497 	-0.170391315156 	Amensalism
1235815.4X997894.4 	1235815.4 	997894.4 	50.1393300417 	42.6196161495 	46.3929172715 	43.0367913625 	0.0807539812225 	-0.00969345529238 	Neutralism
1236489.4X1203619.3 	1236489.4 	1203619.3 	51.7670487052 	27.1178999708 	51.7670487052 	26.1269503715 	0.0 	0.0379282535929 	Neutralism
1268240.3X999421.3 	1268240.3 	999421.3 	69.2289990865 	54.3969063097 	93.6925318894 	75.5233951232 	-0.261104405117 	-0.279734362829 	Competition
1296619.3X176279.9 	1296619.3 	176279.9 	31.7191618874 	26.8374026109 	46.3246845898 	44.6964484443 	-0.315285961075 	-0.399562973234 	Competition
1321775.3X1476577.3 	1321775.3 	1476577.3 	9.05974305798 	10.9329642919 	19.8754959567 	1.18775713882 	-0.544175245855 	8.20471360228 	Parasitism
1321817.3X1077975.4 	1321817.3 	1077975.4 	16.6740626764 	128.116363151 	14.6511250878 	128.148389783 	0.138073873268 	-0.000249918333381 	Commensalism
1321817.3X1105030.3 	1321817.3 	1105030.3 	13.4436861291 	12.7593215546 	14.6511250878 	19.877492208 	-0.0824127124343 	-0.358102047226 	Amensalism
1321817.3X1235797.3 	1321817.3 	1235797.3 	10.9583400682 	21.4184646332 	14.6511250878 	22.0694443632 	-0.25204788011 	-0.029496879001 	Amensalism
1321817.3X1414720.3 	1321817.3 	1414720.3 	5.46044222653 	21.2147713856 	14.6511250878 	7.09094914168 	-0.627302190528 	1.99180983557 	Parasitism
1321817.3X267747.3 	1321817.3 	267747.3 	13.0846244282 	154.812814963 	14.6511250878 	154.353403393 	-0.106920161436 	0.00297636177694 	Amensalism
1321817.3X537011.5 	1321817.3 	537011.5 	14.2287415568 	82.5197427506 	14.6511250878 	73.0927528114 	-0.0288294263047 	0.128972977164 	Commensalism
1321817.3X537013.3 	1321817.3 	537013.3 	6.64479190717 	9.65342642206 	14.6511250878 	1.27699415409 	-0.546465417 	6.55949147546 	Parasitism
1321817.3X552395.3 	1321817.3 	552395.3 	2.6094721231 	32.9422103132 	14.6511250878 	16.1579856101 	-0.821892714214 	1.03875725032 	Parasitism
1321817.3X997830.4 	1321817.3 	997830.4 	14.1828147435 	7.58033451464 	14.6511250878 	2.41581420921 	-0.0319641216284 	2.13779697368 	Commensalism
1332188.3X1077975.4 	1332188.3 	1077975.4 	36.8896643112 	127.24358587 	36.8896643112 	128.148389783 	0.0 	-0.00706059525627 	Neutralism
1332188.3X1105030.3 	1332188.3 	1105030.3 	36.8896643112 	19.0228683046 	36.8896643112 	19.877492208 	0.0 	-0.0429945535612 	Neutralism
1332188.3X1235815.4 	1332188.3 	1235815.4 	33.8494148118 	46.3920736749 	36.8896643112 	46.3929172715 	-0.0824146696959 	-1.81837368637e-05 	Neutralism
1332188.3X1321817.3 	1332188.3 	1321817.3 	36.8896643112 	13.515448632 	36.8896643112 	14.6511250878 	0.0 	-0.0775146242349 	Neutralism
1332188.3X267747.3 	1332188.3 	267747.3 	36.8896643112 	152.638238703 	36.8896643112 	154.353403393 	0.0 	-0.0111119330854 	Neutralism
1332188.3X457394.3 	1332188.3 	457394.3 	36.8896643112 	17.8136687039 	36.8896643112 	17.8136687039 	0.0 	0.0 	Neutralism
1332188.3X552395.3 	1332188.3 	552395.3 	36.8896643112 	15.2787847007 	36.8896643112 	16.1579856101 	0.0 	-0.0544127795763 	Neutralism
1332188.3X596320.3 	1332188.3 	596320.3 	36.8896643112 	96.8020567076 	36.8896643112 	97.6127807015 	0.0 	-0.0083055106931 	Neutralism
1332188.3X679201.3 	1332188.3 	679201.3 	36.8896643112 	122.35778011 	36.8896643112 	126.132923418 	0.0 	-0.0299298803651 	Neutralism
1332188.3X713605.5 	1332188.3 	713605.5 	36.8896643112 	3.00305334041 	36.8896643112 	3.87438055954 	0.0 	-0.224894587855 	Amensalism
1332188.3X857291.3 	1332188.3 	857291.3 	27.700835678 	63.7648148707 	36.8896643112 	63.7648148707 	-0.249089516123 	0.0 	Amensalism
1332188.3X871541.3 	1332188.3 	871541.3 	36.8896643112 	94.5019520383 	36.8896643112 	95.5096417611 	0.0 	-0.0105506596425 	Neutralism
1332188.3X888056.4 	1332188.3 	888056.4 	36.8896643112 	114.986786905 	36.8896643112 	115.248285445 	0.0 	-0.00226900156467 	Neutralism
1332188.3X925409.4 	1332188.3 	925409.4 	36.8896643112 	89.1112266795 	36.8896643112 	90.0870500303 	0.0 	-0.0108320047162 	Neutralism
1332188.3X997830.4 	1332188.3 	997830.4 	36.8896643112 	1.53294595523 	36.8896643112 	2.41581420921 	0.0 	-0.365453705262 	Amensalism
1332188.3X997894.4 	1332188.3 	997894.4 	36.8896643112 	42.2090042643 	36.8896643112 	43.0367913625 	0.0 	-0.0192344055398 	Neutralism
1339350.3X267747.3 	1339350.3 	267747.3 	17.8140740078 	156.902522077 	17.8140740078 	154.353403393 	0.0 	0.0165148200685 	Neutralism
1339350.3X537011.5 	1339350.3 	537011.5 	56.1580998111 	61.6606055828 	17.8140740078 	73.0927528114 	2.15245686004 	-0.156406029174 	Parasitism
1381118.3X457416.3 	1381118.3 	457416.3 	20.8939040927 	107.229483828 	24.6279547368 	95.1081764187 	-0.151618381794 	0.127447585115 	Parasitism
1400053.5X1203573.3 	1400053.5 	1203573.3 	57.001750171 	21.1685848242 	54.3494132372 	25.3374074362 	0.048801574402 	-0.164532327252 	Amensalism
1414719.3X1095745.3 	1414719.3 	1095745.3 	92.6904593967 	155.755008788 	94.1890723412 	152.237658433 	-0.0159106880156 	0.0231043382512 	Neutralism
1414719.3X1227268.3 	1414719.3 	1227268.3 	93.9604065694 	83.0054759552 	94.1890723412 	86.5823178198 	-0.00242773143546 	-0.041311458906 	Neutralism
1414719.3X267747.3 	1414719.3 	267747.3 	89.6885745442 	142.712039667 	94.1890723412 	154.353403393 	-0.0477815279961 	-0.0754201946319 	Neutralism
1414719.3X562981.3 	1414719.3 	562981.3 	110.488642711 	6.63420246999 	94.1890723412 	14.5931177728 	0.173051607417 	-0.545388273207 	Parasitism
1414719.3X862512.3 	1414719.3 	862512.3 	113.77418769 	17.4441882611 	94.1890723412 	26.1459817409 	0.207934050755 	-0.332815710117 	Parasitism
1459803.3X267747.3 	1459803.3 	267747.3 	72.4614504777 	174.792586006 	143.915531457 	154.353403393 	-0.496500136267 	0.132418088385 	Parasitism
1476577.3X1077975.4 	1476577.3 	1077975.4 	8.68104608553 	124.278819082 	1.18775713882 	128.148389783 	6.30877197181 	-0.0301960150069 	Commensalism
1476577.3X1105030.3 	1476577.3 	1105030.3 	10.9329642919 	9.06065299871 	1.18775713882 	19.877492208 	8.20471360228 	-0.544175245856 	Parasitism
1476577.3X1197728.3 	1476577.3 	1197728.3 	0.636683349554 	63.6905915761 	1.18775713882 	63.69184768 	-0.463961673018 	-1.9721580481e-05 	Amensalism
1476577.3X1235815.4 	1476577.3 	1235815.4 	0.782943518386 	46.3920736749 	1.18775713882 	46.3929172715 	-0.340821879493 	-1.81837368637e-05 	Amensalism
1476577.3X1332188.3 	1476577.3 	1332188.3 	0.321148621562 	36.8245664005 	1.18775713882 	36.8896643112 	-0.729617603578 	-0.00176466530437 	Amensalism
1476577.3X267747.3 	1476577.3 	267747.3 	7.93477203157 	149.16609521 	1.18775713882 	154.353403393 	5.68046671515 	-0.033606697805 	Commensalism
1476577.3X457394.3 	1476577.3 	457394.3 	9.10545780713 	17.8136687039 	1.18775713882 	17.8136687039 	6.66609394255 	0.0 	Commensalism
1476577.3X552395.3 	1476577.3 	552395.3 	-0.0 	16.1579856101 	1.18775713882 	16.1579856101 	-1.0 	0.0 	Amensalism
1476577.3X596320.3 	1476577.3 	596320.3 	4.629083505 	95.7882091186 	1.18775713882 	97.6127807015 	2.89733166293 	-0.0186919332672 	Commensalism
1476577.3X635013.3 	1476577.3 	635013.3 	1.53032107817e-15 	2.38864222342 	1.18775713882 	2.38864222342 	-1.0 	0.0 	Amensalism
1476577.3X679201.3 	1476577.3 	679201.3 	0.684458592989 	125.547635104 	1.18775713882 	126.132923418 	-0.423738598895 	-0.00464025012772 	Amensalism
1476577.3X713605.5 	1476577.3 	713605.5 	-1.63869890772e-15 	3.87438055954 	1.18775713882 	3.87438055954 	-1.0 	0.0 	Amensalism
1476577.3X754027.3 	1476577.3 	754027.3 	3.68294600663 	80.3680162911 	1.18775713882 	81.146377763 	2.10075678458 	-0.00959206674848 	Commensalism
1476577.3X857291.3 	1476577.3 	857291.3 	0.640725692558 	63.7648148707 	1.18775713882 	63.7648148707 	-0.460558331651 	0.0 	Amensalism
1476577.3X871541.3 	1476577.3 	871541.3 	7.15879316314 	92.9774418434 	1.18775713882 	95.5096417611 	5.02715229331 	-0.0265125056592 	Commensalism
1476577.3X888056.4 	1476577.3 	888056.4 	10.9973336678 	113.951471172 	1.18775713882 	115.248285445 	8.25890765744 	-0.0112523519807 	Commensalism
1476577.3X925409.4 	1476577.3 	925409.4 	1.81046869937 	90.0291693283 	1.18775713882 	90.0870500303 	0.524275157099 	-0.000642497473061 	Commensalism
1476577.3X997894.4 	1476577.3 	997894.4 	10.9329642919 	32.581667581 	1.18775713882 	43.0367913625 	8.20471360228 	-0.24293455554 	Parasitism
1479623.3X1105029.3 	1479623.3 	1105029.3 	133.824645196 	27.8542852323 	118.691038032 	19.8774294792 	0.127504211059 	0.401302178506 	Mutualism
1514668.3X1035187.4 	1514668.3 	1035187.4 	2.85039634338 	10.1530409873 	7.62721135959 	3.62233176535 	-0.626285911194 	1.80290201036 	Parasitism
1514668.3X1035197.3 	1514668.3 	1035197.3 	5.91960865377 	60.0146434841 	7.62721135959 	60.019681731 	-0.223882966567 	-8.39432458603e-05 	Amensalism
1514668.3X1076135.3 	1514668.3 	1076135.3 	12.3717171487 	185.365618911 	7.62721135959 	187.733921963 	0.622049864023 	-0.0126152110777 	Commensalism
1514668.3X1077975.4 	1514668.3 	1077975.4 	11.2825440333 	124.013459055 	7.62721135959 	128.148389783 	0.479248902564 	-0.0322667396368 	Commensalism
1514668.3X1097667.3 	1514668.3 	1097667.3 	7.65273656973 	139.381617263 	7.62721135959 	140.768548444 	0.00334659798144 	-0.00985256434289 	Neutralism
1514668.3X267747.3 	1514668.3 	267747.3 	11.6067841994 	147.618347682 	7.62721135959 	154.353403393 	0.521759874244 	-0.0436339955126 	Commensalism
1514668.3X553175.3 	1514668.3 	553175.3 	5.81389838593 	32.1905791837 	7.62721135959 	32.1985560053 	-0.237742588761 	-0.000247738488604 	Amensalism
1514668.3X620833.3 	1514668.3 	620833.3 	0.0 	133.306390619 	7.62721135959 	117.271730005 	-1.0 	0.136730826887 	Parasitism
1514668.3X699246.3 	1514668.3 	699246.3 	1.35305422464e-26 	8.73115017767 	7.62721135959 	1.22331770253 	-1.0 	6.13727117626 	Parasitism
1519439.3X1105030.3 	1519439.3 	1105030.3 	10.2806001728 	24.0521190291 	6.40991737032 	19.877492208 	0.6038584554 	0.210017781791 	Mutualism
1519439.3X267747.3 	1519439.3 	267747.3 	14.4662255468 	146.812937574 	6.40991737032 	154.353403393 	1.25685055065 	-0.0488519569588 	Commensalism
1519439.3X553177.6 	1519439.3 	553177.6 	-1.71954971489e-13 	66.4534331608 	6.40991737032 	27.8995483491 	-1.0 	1.38188204086 	Parasitism
1519439.3X553178.3 	1519439.3 	553178.3 	4.12738443879 	48.163086587 	6.40991737032 	14.5910863199 	-0.356093971211 	2.30085680607 	Parasitism
1519439.3X866778.4 	1519439.3 	866778.4 	9.45044161079 	66.2347503232 	6.40991737032 	62.2460612132 	0.474346869828 	0.0640793816068 	Commensalism
1519439.3X927666.3 	1519439.3 	927666.3 	8.27019476014 	13.0883635755 	6.40991737032 	3.60059435395 	0.290218622542 	2.63505640705 	Mutualism
1539298.3X575604.3 	1539298.3 	575604.3 	94.6617176128 	29.0615890954 	74.4521110572 	25.4832714542 	0.271444372344 	0.140418299418 	Mutualism
172045.12X267747.3 	172045.12 	267747.3 	165.662881087 	82.8572777468 	124.578880757 	154.353403393 	0.329783026468 	-0.463197597685 	Parasitism
172045.12X525257.3 	172045.12 	525257.3 	67.0679454194 	57.5109785338 	124.578880757 	87.7224984404 	-0.461642735816 	-0.344398762504 	Competition
176279.9X888055.3 	176279.9 	888055.3 	44.9682698444 	101.718618816 	44.6964484443 	91.0990569708 	0.00608149885642 	0.116571589194 	Commensalism
196627.13X1203564.3 	196627.13 	1203564.3 	133.652986903 	16.7719355489 	115.244156971 	20.4305148357 	0.159737642375 	-0.1790742581 	Parasitism
267747.3X1035187.4 	267747.3 	1035187.4 	159.11977095 	3.62150512571 	154.353403393 	3.62233176535 	0.0308795753914 	-0.000228206496132 	Neutralism
267747.3X1076135.3 	267747.3 	1076135.3 	140.745480453 	181.369014948 	154.353403393 	187.733921963 	-0.088160822119 	-0.0339038728241 	Neutralism
267747.3X1077975.4 	267747.3 	1077975.4 	119.997046172 	127.258808748 	154.353403393 	128.148389783 	-0.222582440463 	-0.00694180423575 	Amensalism
267747.3X1094954.4 	267747.3 	1094954.4 	152.271238322 	35.9815384233 	154.353403393 	35.9815384233 	-0.0134895961166 	0.0 	Neutralism
267747.3X1095740.3 	267747.3 	1095740.3 	159.282910109 	3.85866820906 	154.353403393 	2.41581425883 	0.0319364951316 	0.597253677495 	Commensalism
267747.3X1097667.3 	267747.3 	1097667.3 	122.566975597 	159.097780211 	154.353403393 	140.768548444 	-0.205932795113 	0.130208288496 	Parasitism
267747.3X1105030.3 	267747.3 	1105030.3 	160.936527126 	18.3944014256 	154.353403393 	19.877492208 	0.0426496830539 	-0.0746115640183 	Neutralism
267747.3X1160721.7 	267747.3 	1160721.7 	148.161430985 	16.8361028594 	154.353403393 	9.4465812583 	-0.0401155547716 	0.782242951079 	Commensalism
267747.3X1197728.3 	267747.3 	1197728.3 	153.153465286 	63.6905915761 	154.353403393 	63.69184768 	-0.00777396598081 	-1.9721580481e-05 	Neutralism
267747.3X1203573.3 	267747.3 	1203573.3 	157.333507082 	16.6856544745 	154.353403393 	25.3374074362 	0.019307016389 	-0.341461650466 	Amensalism
267747.3X1227268.3 	267747.3 	1227268.3 	148.691428828 	85.6076586255 	154.353403393 	86.5823178198 	-0.036681890004 	-0.0112570235915 	Neutralism
267747.3X1235797.3 	267747.3 	1235797.3 	157.523094322 	19.514978221 	154.353403393 	22.0694443632 	0.0205352837017 	-0.11574673563 	Amensalism
267747.3X1235815.4 	267747.3 	1235815.4 	153.083132971 	46.3920736749 	154.353403393 	46.3929172715 	-0.0082296236693 	-1.81837368637e-05 	Neutralism
267747.3X1304880.3 	267747.3 	1304880.3 	148.877340442 	8.57990473447 	154.353403393 	1.28254505898 	-0.0354774357457 	5.68974916273 	Commensalism
267747.3X1321817.3 	267747.3 	1321817.3 	154.812814963 	13.0846244282 	154.353403393 	14.6511250878 	0.00297636177694 	-0.106920161436 	Amensalism
267747.3X1332188.3 	267747.3 	1332188.3 	152.638238703 	36.8896643112 	154.353403393 	36.8896643112 	-0.0111119330854 	0.0 	Neutralism
267747.3X1395125.3 	267747.3 	1395125.3 	157.500541403 	52.6391941724 	154.353403393 	52.6391941724 	0.020389171478 	0.0 	Neutralism
267747.3X1400053.5 	267747.3 	1400053.5 	142.73918128 	60.8185862408 	154.353403393 	54.3494132372 	-0.0752443539157 	0.119029307186 	Commensalism
267747.3X1414720.3 	267747.3 	1414720.3 	160.39161652 	16.8762981853 	154.353403393 	7.09094914168 	0.0391194038762 	1.37997732717 	Commensalism
267747.3X1476577.3 	267747.3 	1476577.3 	149.16609521 	7.93477203157 	154.353403393 	1.18775713882 	-0.033606697805 	5.68046671515 	Commensalism
267747.3X1514668.3 	267747.3 	1514668.3 	147.618347682 	11.6067841994 	154.353403393 	7.62721135959 	-0.0436339955126 	0.521759874244 	Commensalism
267747.3X1539298.3 	267747.3 	1539298.3 	135.51517315 	93.1385905062 	154.353403393 	74.4521110572 	-0.122046095706 	0.250986562821 	Parasitism
267747.3X176279.9 	267747.3 	176279.9 	172.453112785 	33.9631754918 	154.353403393 	44.6964484443 	0.117261485618 	-0.240137042787 	Parasitism
267747.3X267747.3 	267747.3 	267747.3 	114.60189206 	132.653194037 	154.353403393 	154.353403393 	-0.257535697038 	-0.140587825594 	Competition
267747.3X365659.3 	267747.3 	365659.3 	159.680640682 	4.82687138667 	154.353403393 	3.5915994704 	0.0345132479874 	0.3439336503 	Commensalism
267747.3X397291.3 	267747.3 	397291.3 	155.590748727 	25.3531581575 	154.353403393 	10.411622184 	0.00801631390563 	1.4350824213 	Commensalism
267747.3X428125.8 	267747.3 	428125.8 	148.018756669 	9.55899031724 	154.353403393 	2.38869688949 	-0.041039890179 	3.00175943599 	Commensalism
267747.3X435590.9 	267747.3 	435590.9 	157.485614292 	17.8141753371 	154.353403393 	17.8141753371 	0.0202924641125 	0.0 	Neutralism
267747.3X457394.3 	267747.3 	457394.3 	156.902571625 	17.8136687039 	154.353403393 	17.8136687039 	0.0165151410721 	0.0 	Neutralism
267747.3X457412.4 	267747.3 	457412.4 	156.543057689 	21.6434098347 	154.353403393 	16.9457019805 	0.0141859800164 	0.277221200963 	Commensalism
267747.3X525257.3 	267747.3 	525257.3 	125.988157786 	122.20019242 	154.353403393 	87.7224984404 	-0.183768190292 	0.39303137271 	Parasitism
267747.3X537011.5 	267747.3 	537011.5 	147.17631048 	81.638785032 	154.353403393 	73.0927528114 	-0.046497795029 	0.116920377081 	Commensalism
267747.3X548479.6 	267747.3 	548479.6 	147.961245472 	12.5056156446 	154.353403393 	7.6785484781 	-0.0414124844706 	0.628643184355 	Commensalism
267747.3X552395.3 	267747.3 	552395.3 	160.159896853 	21.812858819 	154.353403393 	16.1579856101 	0.037618175773 	0.349973898068 	Commensalism
267747.3X553177.6 	267747.3 	553177.6 	147.627108017 	71.3075499571 	154.353403393 	27.8995483491 	-0.0435772404634 	1.55586753824 	Commensalism
267747.3X553178.3 	267747.3 	553178.3 	147.822301949 	53.1195455642 	154.353403393 	14.5910863199 	-0.0423126494164 	2.64054768779 	Commensalism
267747.3X553206.4 	267747.3 	553206.4 	148.835093523 	21.8239208325 	154.353403393 	19.4600963475 	-0.0357511382885 	0.121470338214 	Commensalism
267747.3X553220.3 	267747.3 	553220.3 	151.904605385 	21.4346699806 	154.353403393 	8.88257899999 	-0.0158648786108 	1.4131133515 	Commensalism
267747.3X575604.3 	267747.3 	575604.3 	159.568708079 	21.8939655804 	154.353403393 	25.4832714542 	0.033788077045 	-0.140849493373 	Amensalism
267747.3X596320.3 	267747.3 	596320.3 	131.435878624 	113.800586167 	154.353403393 	97.6127807015 	-0.148474372869 	0.16583694624 	Parasitism
267747.3X620833.3 	267747.3 	620833.3 	102.899773279 	175.697753757 	154.353403393 	117.271730005 	-0.333349501747 	0.498210640787 	Parasitism
267747.3X635013.3 	267747.3 	635013.3 	149.310415402 	8.5962578466 	154.353403393 	2.38864222342 	-0.032671699361 	2.59880511293 	Commensalism
267747.3X665946.3 	267747.3 	665946.3 	134.994896249 	108.788956758 	154.353403393 	96.6712981155 	-0.125416781998 	0.125349083738 	Parasitism
267747.3X679201.3 	267747.3 	679201.3 	159.961505539 	107.712701056 	154.353403393 	126.132923418 	0.0363328700419 	-0.146038178319 	Amensalism
267747.3X699246.3 	267747.3 	699246.3 	150.292821076 	8.43604466124 	154.353403393 	1.22331770253 	-0.026307047514 	5.89603742658 	Commensalism
267747.3X706433.3 	267747.3 	706433.3 	158.419484694 	4.4713419824 	154.353403393 	6.30304322756 	0.0263426734469 	-0.290605851654 	Amensalism
267747.3X713605.5 	267747.3 	713605.5 	160.362183122 	13.6672466486 	154.353403393 	3.87438055954 	0.038928715512 	2.52759529906 	Commensalism
267747.3X717959.3 	267747.3 	717959.3 	149.12511185 	72.9383822506 	154.353403393 	58.3503866084 	-0.033872214205 	0.250006837831 	Commensalism
267747.3X748671.3 	267747.3 	748671.3 	157.514492132 	21.1106945531 	154.353403393 	24.224237003 	0.0204795532169 	-0.12853005234 	Amensalism
267747.3X762948.4 	267747.3 	762948.4 	147.102058808 	21.1294159466 	154.353403393 	20.8927089422 	-0.0469788448172 	0.0113296463879 	Neutralism
267747.3X762963.3 	267747.3 	762963.3 	158.293606888 	41.7294874599 	154.353403393 	31.4884377538 	0.0255271565666 	0.32523206728 	Commensalism
267747.3X762966.3 	267747.3 	762966.3 	147.417670339 	43.5903712674 	154.353403393 	30.6111346383 	-0.0449341116006 	0.424003774524 	Commensalism
267747.3X857291.3 	267747.3 	857291.3 	149.244142998 	76.5210766498 	154.353403393 	63.7648148707 	-0.0331010543512 	0.200051733938 	Commensalism
267747.3X857576.3 	267747.3 	857576.3 	140.875859838 	84.3400534041 	154.353403393 	61.8399334363 	-0.0873161411329 	0.363844504959 	Commensalism
267747.3X862512.3 	267747.3 	862512.3 	176.824618926 	23.1775265939 	154.353403393 	26.1459817409 	0.145582896386 	-0.113533895052 	Parasitism
267747.3X866778.4 	267747.3 	866778.4 	145.127382918 	68.1718798554 	154.353403393 	62.2460612132 	-0.0597720573191 	0.0951998974185 	Neutralism
267747.3X871541.3 	267747.3 	871541.3 	143.528698696 	94.7108114868 	154.353403393 	95.5096417611 	-0.0701293554859 	-0.00836387049067 	Neutralism
267747.3X875454.4 	267747.3 	875454.4 	150.694874889 	8.5398886214 	154.353403393 	1.23690291401 	-0.0237022859463 	5.90425135609 	Commensalism
267747.3X888055.3 	267747.3 	888055.3 	153.260189169 	88.9420930693 	154.353403393 	91.0990569708 	-0.00708254045566 	-0.0236771265612 	Neutralism
267747.3X888056.4 	267747.3 	888056.4 	159.864406457 	112.767449475 	154.353403393 	115.248285445 	0.0357038001292 	-0.0215260119526 	Neutralism
267747.3X925409.4 	267747.3 	925409.4 	147.505627205 	99.1045377537 	154.353403393 	90.0870500303 	-0.0443642708063 	0.100097491486 	Commensalism
267747.3X927666.3 	267747.3 	927666.3 	159.349268087 	3.94493373534 	154.353403393 	3.60059435395 	0.0323664045248 	0.0956340391447 	Neutralism
267747.3X997830.4 	267747.3 	997830.4 	159.171684138 	3.71407411462 	154.353403393 	2.41581420921 	0.0312159022029 	0.537400558561 	Commensalism
267747.3X997894.4 	267747.3 	997894.4 	160.39161652 	41.0886562115 	154.353403393 	43.0367913625 	0.0391194038762 	-0.0452667378149 	Neutralism
267747.3X999421.3 	267747.3 	999421.3 	147.763292254 	78.1334761216 	154.353403393 	75.5233951232 	-0.0426949519359 	0.0345599002023 	Neutralism
28037.92X1235797.3 	28037.92 	1235797.3 	11.132234562 	18.5168738433 	3.5951408443 	22.0694443632 	2.09646688242 	-0.160972358952 	Parasitism
28037.92X575593.3 	28037.92 	575593.3 	17.4673034405 	12.1833259005 	3.5951408443 	16.4575444641 	3.85858668602 	-0.259711804086 	Parasitism
28037.97X1203556.3 	28037.97 	1203556.3 	18.2961203712 	2.16668405369 	2.41581421667 	19.8774037601 	6.57347988308 	-0.890997633301 	Parasitism
28037.97X1227268.3 	28037.97 	1227268.3 	14.4088579283 	85.7702956222 	2.41581421667 	86.5823178198 	4.96438990584 	-0.0093786146877 	Commensalism
28037.97X537013.3 	28037.97 	537013.3 	0.0 	2.55398830819 	2.41581421667 	1.27699415409 	-1.0 	1.00000000001 	Parasitism
28037.97X592010.4 	28037.97 	592010.4 	0.0 	25.9525512315 	2.41581421667 	20.0428739029 	-1.0 	0.294851794071 	Parasitism
28037.97X762963.3 	28037.97 	762963.3 	18.2961203712 	13.8234710962 	2.41581421667 	31.4884377538 	6.57347988308 	-0.560998509857 	Parasitism
28037.97X944560.4 	28037.97 	944560.4 	14.4150779767 	87.8941643076 	2.41581421667 	85.6749235987 	4.96696462718 	0.0259030369177 	Commensalism
28037.97X997353.4 	28037.97 	997353.4 	1.79168571544 	70.629160395 	2.41581421667 	70.6356690236 	-0.258351199742 	-9.21436533407e-05 	Amensalism
28037.98X1203564.3 	28037.98 	1203564.3 	9.85564294485 	17.9926121237 	2.41581421991 	20.4305148357 	3.07963611756 	-0.119326543242 	Parasitism
313596.4X340101.3 	313596.4 	340101.3 	68.327593317 	37.9172485189 	67.2073111238 	47.191686496 	0.0166690524359 	-0.196526945014 	Amensalism
334413.6X365659.3 	334413.6 	365659.3 	9.77903227274 	3.08424892419e-27 	3.72294543394 	3.5915994704 	1.62669234515 	-1.0 	Parasitism
334413.6X762966.3 	334413.6 	762966.3 	12.3640886538 	43.178314448 	3.72294543394 	30.6111346383 	2.32105019351 	0.410542763546 	Mutualism
397291.3X717959.3 	397291.3 	717959.3 	12.8067936913 	74.9640409825 	10.411622184 	58.3503866084 	0.23004787006 	0.284722267319 	Mutualism
411471.5X1118055.3 	411471.5 	1118055.3 	13.1183444167 	9.00411299673 	3.61187095849 	19.6083269215 	2.63200805551 	-0.540801566968 	Parasitism
411471.5X1203556.3 	411471.5 	1203556.3 	14.9776030189 	6.50071307472 	3.61187095849 	19.8774037601 	3.14677135231 	-0.672959650406 	Parasitism
411471.5X562973.4 	411471.5 	562973.4 	12.4074995808 	109.037210463 	3.61187095849 	107.85272389 	2.43520012852 	0.0109824446734 	Commensalism
411483.3X1203556.3 	411483.3 	1203556.3 	12.1790082303 	24.3424789959 	17.5198883854 	19.8774037601 	-0.304846699797 	0.224630705785 	Parasitism
411483.3X1203564.3 	411483.3 	1203564.3 	23.139277989 	12.3332779403 	17.5198883854 	20.4305148357 	0.32074345909 	-0.396330535991 	Parasitism
411483.3X196627.13 	411483.3 	196627.13 	10.1024068462 	119.331704292 	17.5198883854 	115.244156971 	-0.423374931166 	0.0354685862471 	Amensalism
411483.3X313596.4 	411483.3 	313596.4 	4.10306925494 	121.608168545 	17.5198883854 	67.2073111238 	-0.765805057391 	0.809448503616 	Parasitism
411483.3X340101.3 	411483.3 	340101.3 	13.8768136407 	47.0331278288 	17.5198883854 	47.191686496 	-0.207939380923 	-0.00335988558522 	Amensalism
411483.3X585544.3 	411483.3 	585544.3 	11.7927189167 	145.269816769 	17.5198883854 	122.649823165 	-0.326895317066 	0.184427445717 	Parasitism
411485.10X1095735.3 	411485.10 	1095735.3 	8.07880471372 	16.2415543025 	19.270666145 	2.41488782995 	-0.580771902075 	5.72559366985 	Parasitism
411485.10X1203573.3 	411485.10 	1203573.3 	23.9153679453 	12.0294983331 	19.270666145 	25.3374074362 	0.241024454752 	-0.525227734393 	Parasitism
411485.10X562973.4 	411485.10 	562973.4 	23.6768949555 	108.473250417 	19.270666145 	107.85272389 	0.228649532784 	0.00575346180068 	Commensalism
411902.9X411485.10 	411902.9 	411485.10 	50.6762683064 	8.80838844988 	48.94867752 	19.270666145 	0.0352939215915 	-0.542912093251 	Amensalism
428125.8X1035187.4 	428125.8 	1035187.4 	8.41872358052e-27 	3.62233176535 	2.38869688949 	3.62233176535 	-1.0 	0.0 	Amensalism
428125.8X1076135.3 	428125.8 	1076135.3 	11.7025260522 	185.273417799 	2.38869688949 	187.733921963 	3.89912558755 	-0.0131063376201 	Commensalism
428125.8X267747.3 	428125.8 	267747.3 	9.55899031724 	148.018756669 	2.38869688949 	154.353403393 	3.00175943599 	-0.041039890179 	Commensalism
428125.8X699246.3 	428125.8 	699246.3 	-2.63201139065e-14 	2.44663540505 	2.38869688949 	1.22331770253 	-1.0 	0.999999999992 	Parasitism
435590.9X1203556.3 	435590.9 	1203556.3 	17.8141753371 	26.2265354981 	17.8141753371 	19.8774037601 	0.0 	0.319414537966 	Commensalism
435590.9X1227268.3 	435590.9 	1227268.3 	17.8141753371 	86.5823178198 	17.8141753371 	86.5823178198 	0.0 	0.0 	Neutralism
435590.9X267747.3 	435590.9 	267747.3 	17.8141753371 	157.485614292 	17.8141753371 	154.353403393 	0.0 	0.0202924641125 	Neutralism
435590.9X397291.3 	435590.9 	397291.3 	71.9335937706 	16.7713596232 	17.8141753371 	10.411622184 	3.03799740428 	0.610830601304 	Mutualism
435590.9X592010.4 	435590.9 	592010.4 	17.8141753371 	25.7689463794 	17.8141753371 	20.0428739029 	0.0 	0.28569118901 	Commensalism
435590.9X717959.3 	435590.9 	717959.3 	17.8141753371 	74.9640409825 	17.8141753371 	58.3503866084 	0.0 	0.284722267319 	Commensalism
435590.9X857576.3 	435590.9 	857576.3 	17.8141753371 	84.3808455581 	17.8141753371 	61.8399334363 	0.0 	0.364504145934 	Commensalism
435590.9X944560.4 	435590.9 	944560.4 	17.8141753371 	89.4338124008 	17.8141753371 	85.6749235987 	0.0 	0.0438738506463 	Neutralism
435590.9X997353.4 	435590.9 	997353.4 	17.8141753371 	70.6356690236 	17.8141753371 	70.6356690236 	0.0 	0.0 	Neutralism
447454.3X1268240.3 	447454.3 	1268240.3 	45.5703013205 	88.2893748444 	48.829022168 	93.6925318894 	-0.0667373767242 	-0.0576690258662 	Neutralism
447454.3X904296.3 	447454.3 	904296.3 	55.2375525741 	7.00433855074 	48.829022168 	12.8302444233 	0.131244291234 	-0.454075984864 	Parasitism
447454.3X999421.3 	447454.3 	999421.3 	45.2097825235 	72.4700157184 	48.829022168 	75.5233951232 	-0.0741206660262 	-0.0404295834399 	Neutralism
457394.3X997894.4 	457394.3 	997894.4 	71.9332260583 	43.6171635914 	17.8136687039 	43.0367913625 	3.03809160561 	0.0134854902172 	Commensalism
457412.4X553220.3 	457412.4 	553220.3 	12.1202485049 	19.3993364383 	16.9457019805 	8.88257899999 	-0.284759727343 	1.18397567174 	Parasitism
457416.3X1035197.3 	457416.3 	1035197.3 	95.4226445758 	60.019681731 	95.1081764187 	60.019681731 	0.00330642610279 	0.0 	Neutralism
457416.3X1268240.3 	457416.3 	1268240.3 	78.4148272059 	126.852641767 	95.1081764187 	93.6925318894 	-0.175519601378 	0.353924792178 	Parasitism
457416.3X447454.3 	457416.3 	447454.3 	99.378534759 	44.1572627929 	95.1081764187 	48.829022168 	0.044900012818 	-0.0956758740535 	Neutralism
457416.3X592026.3 	457416.3 	592026.3 	101.784275931 	7.63206993399 	95.1081764187 	3.60196758494 	0.0701948009487 	1.11886135952 	Commensalism
457416.3X626369.3 	457416.3 	626369.3 	100.899087617 	6.51032475615 	95.1081764187 	2.39345230288 	0.060887627293 	1.72005619177 	Commensalism
457416.3X904296.3 	457416.3 	904296.3 	93.3597565933 	25.3803521113 	95.1081764187 	12.8302444233 	-0.018383485955 	0.978165908142 	Commensalism
457416.3X999421.3 	457416.3 	999421.3 	92.270699639 	72.7721793391 	95.1081764187 	75.5233951232 	-0.0298342044454 	-0.0364286560424 	Neutralism
468059.3X553207.3 	468059.3 	553207.3 	125.262884561 	116.673864791 	112.859178798 	120.344768182 	0.109904270925 	-0.03050322375 	Commensalism
469609.3X313596.4 	469609.3 	313596.4 	0.0 	74.7627044323 	2.38458450676 	67.2073111238 	-1.0 	0.112419217227 	Parasitism
479436.6X665956.3 	479436.6 	665956.3 	109.716370573 	17.6181616053 	105.812782366 	3.58836940284 	0.0368914616903 	3.9097959623 	Commensalism
523794.5X1304880.3 	523794.5 	1304880.3 	86.4557058426 	9.58129209603 	87.1775203867 	1.28254505898 	-0.00827982421269 	6.4705305899 	Commensalism
523794.5X997353.4 	523794.5 	997353.4 	54.1530238863 	69.4718887123 	87.1775203867 	70.6356690236 	-0.378818947292 	-0.01647581636 	Amensalism
537011.5X1149865.7 	537011.5 	1149865.7 	79.2206471621 	130.735811303 	73.0927528114 	143.43487156 	0.0838372357724 	-0.0885353758043 	Neutralism
537011.5X1414720.3 	537011.5 	1414720.3 	112.90724642 	7.11649453726 	73.0927528114 	7.09094914168 	0.544711918449 	0.00360253543913 	Commensalism
537011.5X267747.3 	537011.5 	267747.3 	81.638785032 	147.17631048 	73.0927528114 	154.353403393 	0.116920377081 	-0.046497795029 	Commensalism
537013.3X1234871.3 	537013.3 	1234871.3 	10.6695765718 	6.12298149201 	1.27699415409 	15.508606901 	7.35522742029 	-0.605188168667 	Parasitism
537013.3X1235797.3 	537013.3 	1235797.3 	9.71573811338 	13.9785687346 	1.27699415409 	22.0694443632 	6.60828707184 	-0.366609847328 	Parasitism
537013.3X267747.3 	537013.3 	267747.3 	8.84233243531 	148.379632232 	1.27699415409 	154.353403393 	5.92433274419 	-0.0387019076333 	Commensalism
546271.5X1400053.5 	546271.5 	1400053.5 	94.2217652368 	46.3077544287 	100.227801613 	54.3494132372 	-0.0599238562509 	-0.147962201053 	Amensalism
552395.3X1077975.4 	552395.3 	1077975.4 	25.3270837384 	130.057520169 	16.1579856101 	128.148389783 	0.567465422334 	0.0148978101811 	Commensalism
552395.3X1105030.3 	552395.3 	1105030.3 	30.5943181909 	7.60713906872 	16.1579856101 	19.877492208 	0.893448783107 	-0.617298852938 	Parasitism
552395.3X267747.3 	552395.3 	267747.3 	21.812858819 	160.159896853 	16.1579856101 	154.353403393 	0.349973898068 	0.037618175773 	Commensalism
552395.3X457394.3 	552395.3 	457394.3 	22.0429398076 	17.8136687039 	16.1579856101 	17.8136687039 	0.364213357996 	0.0 	Commensalism
552395.3X596320.3 	552395.3 	596320.3 	27.5388837031 	110.748766028 	16.1579856101 	97.6127807015 	0.704351295244 	0.134572391362 	Mutualism
552395.3X997830.4 	552395.3 	997830.4 	2.29815364923 	18.2049606213 	16.1579856101 	2.41581420921 	-0.857769792307 	6.53574532011 	Parasitism
552395.3X997894.4 	552395.3 	997894.4 	35.8829465423 	20.3398533621 	16.1579856101 	43.0367913625 	1.22075618881 	-0.527384530348 	Parasitism
553174.6X1073372.3 	553174.6 	1073372.3 	74.5207925575 	1.76139623143 	74.5351177046 	2.39485497698 	-0.000192193257905 	-0.26450818594 	Amensalism
553175.3X1035197.3 	553175.3 	1035197.3 	4.26423525793 	59.8575927631 	32.1985560053 	60.019681731 	-0.867564394589 	-0.00270059692463 	Amensalism
553175.3X267747.3 	553175.3 	267747.3 	32.1985560053 	152.313084777 	32.1985560053 	154.353403393 	0.0 	-0.0132184880356 	Neutralism
553175.3X620833.3 	553175.3 	620833.3 	29.3295350639 	114.771636191 	32.1985560053 	117.271730005 	-0.0891040250665 	-0.0213188107133 	Neutralism
553177.6X1105030.3 	553177.6 	1105030.3 	72.9588452251 	15.6234396745 	27.8995483491 	19.877492208 	1.6150547067 	-0.214013543006 	Parasitism
553177.6X553178.3 	553177.6 	553178.3 	-1.31670351412e-25 	32.521379549 	27.8995483491 	14.5910863199 	-1.0 	1.22885252242 	Parasitism
553178.3X1105030.3 	553178.3 	1105030.3 	53.0965492905 	13.4673149977 	14.5910863199 	19.877492208 	2.63897163833 	-0.322484201891 	Parasitism
553178.3X1160721.7 	553178.3 	1160721.7 	48.1796004091 	3.56981336903 	14.5910863199 	9.4465812583 	2.30198858075 	-0.622105259943 	Parasitism
553178.3X537011.5 	553178.3 	537011.5 	39.5712383991 	72.1618776718 	14.5910863199 	73.0927528114 	1.71201454995 	-0.0127355326458 	Commensalism
553191.3X1035187.4 	553191.3 	1035187.4 	75.2675252596 	2.1894398192 	62.7830861704 	3.62233176535 	0.198850356851 	-0.395571703248 	Parasitism
553191.3X267747.3 	553191.3 	267747.3 	68.6368366949 	155.030001676 	62.7830861704 	154.353403393 	0.0932376995392 	0.00438343611561 	Neutralism
553206.4X553207.3 	553206.4 	553207.3 	14.0158519506 	120.344768182 	19.4600963475 	120.344768182 	-0.279764513992 	0.0 	Amensalism
553206.4X748671.3 	553206.4 	748671.3 	17.3779181134 	24.6831356116 	19.4600963475 	24.224237003 	-0.106997324007 	0.0189437796758 	Amensalism
553220.3X1514668.3 	553220.3 	1514668.3 	20.0774061303 	4.63803619589 	8.88257899999 	7.62721135959 	1.26031270089 	-0.391909312955 	Parasitism
562981.3X1076135.3 	562981.3 	1076135.3 	11.0490475182 	224.670871082 	14.5931177728 	187.733921963 	-0.242859018188 	0.196751597861 	Parasitism
562981.3X1227268.3 	562981.3 	1227268.3 	18.2009022674 	86.4079748057 	14.5931177728 	86.5823178198 	0.24722506532 	-0.00201360992048 	Commensalism
562981.3X267747.3 	562981.3 	267747.3 	9.96898118724 	170.037669962 	14.5931177728 	154.353403393 	-0.316871052338 	0.101612703214 	Parasitism
562981.3X862512.3 	562981.3 	862512.3 	10.3942365829 	24.2970460922 	14.5931177728 	26.1459817409 	-0.287730233886 	-0.0707158624611 	Amensalism
575593.3X879304.3 	575593.3 	879304.3 	9.14493904842 	19.3601655546 	16.4575444641 	2.3925429573 	-0.444331499856 	7.09187793077 	Parasitism
575604.3X1035187.4 	575604.3 	1035187.4 	18.2323614036 	12.5824945333 	25.4832714542 	3.62233176535 	-0.284536075505 	2.47358976162 	Parasitism
575604.3X1035197.3 	575604.3 	1035197.3 	26.3157009118 	60.00419797 	25.4832714542 	60.019681731 	0.0326657218676 	-0.000257978059087 	Neutralism
575604.3X1514668.3 	575604.3 	1514668.3 	26.5673787868 	4.12378776057 	25.4832714542 	7.62721135959 	0.0425419214542 	-0.459332177102 	Amensalism
575604.3X267747.3 	575604.3 	267747.3 	21.8939655804 	159.568708079 	25.4832714542 	154.353403393 	-0.140849493373 	0.033788077045 	Amensalism
575604.3X620833.3 	575604.3 	620833.3 	8.25043076274 	172.403044804 	25.4832714542 	117.271730005 	-0.676241302944 	0.470115984446 	Parasitism
575604.3X699246.3 	575604.3 	699246.3 	16.7999533534 	12.2331770253 	25.4832714542 	1.22331770253 	-0.340745815011 	9.0 	Parasitism
585394.18X457412.4 	585394.18 	457412.4 	43.5323266189 	3.04827589708 	23.8948339697 	16.9457019805 	0.821830052224 	-0.820115100538 	Parasitism
585394.18X999417.3 	585394.18 	999417.3 	23.3180398462 	134.604220054 	23.8948339697 	113.412682279 	-0.0241388629957 	0.186853333764 	Commensalism
592010.4X1203556.3 	592010.4 	1203556.3 	31.5660290537 	6.65314633018 	20.0428739029 	19.8774037601 	0.574925292981 	-0.665290980126 	Parasitism
592010.4X1227268.3 	592010.4 	1227268.3 	23.2209314211 	85.4340622358 	20.0428739029 	86.5823178198 	0.158562965251 	-0.0132620102223 	Commensalism
592010.4X537013.3 	592010.4 	537013.3 	10.2983418884 	10.2022555494 	20.0428739029 	1.27699415409 	-0.486184369652 	6.98927349567 	Parasitism
592010.4X762963.3 	592010.4 	762963.3 	30.9001170772 	24.2389547729 	20.0428739029 	31.4884377538 	0.541700917089 	-0.230226822861 	Parasitism
592010.4X944560.4 	592010.4 	944560.4 	23.9009564093 	94.0767289589 	20.0428739029 	85.6749235987 	0.192491482264 	0.0980660969078 	Commensalism
592010.4X997353.4 	592010.4 	997353.4 	20.9566049814 	70.6342896305 	20.0428739029 	70.6356690236 	0.0455888253814 	-1.95282796788e-05 	Neutralism
592026.3X1035197.3 	592026.3 	1035197.3 	3.01554867372 	60.0093552062 	3.60196758494 	60.019681731 	-0.162805160622 	-0.000172052308546 	Amensalism
592026.3X267747.3 	592026.3 	267747.3 	4.89049890381 	158.013683579 	3.60196758494 	154.353403393 	0.357729848613 	0.0237136344618 	Commensalism
596320.3X1073372.3 	596320.3 	1073372.3 	108.746717434 	14.4279699688 	97.6127807015 	2.39485497698 	0.114062284185 	5.02456938207 	Mutualism
596320.3X1115803.3 	596320.3 	1115803.3 	127.979923523 	19.5697764042 	97.6127807015 	123.628337501 	0.31109802019 	-0.841704767695 	Parasitism
596320.3X457394.3 	596320.3 	457394.3 	111.547834124 	17.8136687039 	97.6127807015 	17.8136687039 	0.142758492508 	0.0 	Commensalism
596320.3X762948.4 	596320.3 	762948.4 	123.730556265 	6.17185631306 	97.6127807015 	20.8927089422 	0.26756512186 	-0.704592816081 	Parasitism
596320.3X997894.4 	596320.3 	997894.4 	121.701936722 	49.2758357447 	97.6127807015 	43.0367913625 	0.246782806999 	0.144970017157 	Mutualism
596330.3X1268240.3 	596330.3 	1268240.3 	0.289501674284 	93.493676112 	1.23036792431 	93.6925318894 	-0.764703168407 	-0.00212242932697 	Amensalism
596330.3X447454.3 	596330.3 	447454.3 	0.66189702733 	48.6714887191 	1.23036792431 	48.829022168 	-0.462033255052 	-0.0032262257548 	Amensalism
596330.3X457416.3 	596330.3 	457416.3 	7.01500793893 	91.9113179638 	1.23036792431 	95.1081764187 	4.7015530073 	-0.033612866688 	Commensalism
596330.3X626369.3 	596330.3 	626369.3 	2.46073584862 	-7.42722000418e-13 	1.23036792431 	2.39345230288 	1.0 	-1.0 	Parasitism
596330.3X904296.3 	596330.3 	904296.3 	12.3036792431 	0.526797732827 	1.23036792431 	12.8302444233 	9.0 	-0.958940943333 	Parasitism
596330.3X904306.3 	596330.3 	904306.3 	3.69110377293 	0.0 	1.23036792431 	3.58194406475 	2.0 	-1.0 	Parasitism
596330.3X999421.3 	596330.3 	999421.3 	0.0809501718818 	75.5101999267 	1.23036792431 	75.5233951232 	-0.934206532629 	-0.000174716675256 	Amensalism
620833.3X1035187.4 	620833.3 	1035187.4 	128.77103635 	0.0 	117.271730005 	3.62233176535 	0.0980569344761 	-1.0 	Amensalism
620833.3X267747.3 	620833.3 	267747.3 	175.697753757 	102.899773279 	117.271730005 	154.353403393 	0.498210640787 	-0.333349501747 	Parasitism
620833.3X388919.9 	620833.3 	388919.9 	126.494780657 	0.0 	117.271730005 	3.57687689757 	0.07864683715 	-1.0 	Amensalism
620833.3X553206.4 	620833.3 	553206.4 	177.727343023 	0.0 	117.271730005 	19.4600963475 	0.515517363097 	-1.0 	Parasitism
626369.3X1268240.3 	626369.3 	1268240.3 	0.708249615847 	123.623474532 	2.39345230288 	93.6925318894 	-0.70408868604 	0.319459214507 	Parasitism
626369.3X447454.3 	626369.3 	447454.3 	-1.66377077681e-13 	52.4368206684 	2.39345230288 	48.829022168 	-1.0 	0.0738863557002 	Amensalism
626369.3X904296.3 	626369.3 	904296.3 	9.59505633702 	4.31296880144 	2.39345230288 	12.8302444233 	3.00887718777 	-0.663843598053 	Parasitism
626369.3X999421.3 	626369.3 	999421.3 	2.08682945552e-12 	84.8593808874 	2.39345230288 	75.5233951232 	-0.999999999999 	0.123617135445 	Parasitism
635013.3X1077975.4 	635013.3 	1077975.4 	11.6064068135 	126.59247974 	2.38864222342 	128.148389783 	3.85899759273 	-0.0121414716614 	Commensalism
635013.3X1105030.3 	635013.3 	1105030.3 	12.0191590433 	9.27975944194 	2.38864222342 	19.877492208 	4.0317954382 	-0.533152404497 	Parasitism
635013.3X1197728.3 	635013.3 	1197728.3 	1.83452300231 	63.6905915761 	2.38864222342 	63.69184768 	-0.231980836509 	-1.9721580481e-05 	Amensalism
635013.3X1235815.4 	635013.3 	1235815.4 	1.98160822255 	46.3901629314 	2.38864222342 	46.3929172715 	-0.170403921056 	-5.93698405273e-05 	Amensalism
635013.3X1332188.3 	635013.3 	1332188.3 	1.51570407232 	36.8896643112 	2.38864222342 	36.8896643112 	-0.365453705264 	0.0 	Amensalism
635013.3X267747.3 	635013.3 	267747.3 	8.5962578466 	149.310415402 	2.38864222342 	154.353403393 	2.59880511293 	-0.032671699361 	Commensalism
635013.3X457394.3 	635013.3 	457394.3 	4.86916383167 	71.9332260583 	2.38864222342 	17.8136687039 	1.03846510956 	3.03809160561 	Mutualism
635013.3X552395.3 	635013.3 	552395.3 	6.31088724177e-30 	17.3548734331 	2.38864222342 	16.1579856101 	-1.0 	0.0740740740759 	Amensalism
635013.3X596320.3 	635013.3 	596320.3 	8.47902588385 	96.1791916552 	2.38864222342 	97.6127807015 	2.5497262004 	-0.0146864891667 	Commensalism
635013.3X679201.3 	635013.3 	679201.3 	3.76046866976 	125.278343317 	2.38864222342 	126.132923418 	0.574312231815 	-0.00677523423577 	Commensalism
635013.3X713605.5 	635013.3 	713605.5 	5.07586472476 	2.74649812762e-26 	2.38864222342 	3.87438055954 	1.125 	-1.0 	Parasitism
635013.3X857291.3 	635013.3 	857291.3 	1.83871948572 	63.7495359051 	2.38864222342 	63.7648148707 	-0.230223987631 	-0.000239614364614 	Amensalism
635013.3X871541.3 	635013.3 	871541.3 	8.45594660254 	94.020487719 	2.38864222342 	95.5096417611 	2.54006410823 	-0.0155916618955 	Commensalism
635013.3X888056.4 	635013.3 	888056.4 	11.7609827501 	115.815223539 	2.38864222342 	115.248285445 	3.9237104807 	0.00491927573422 	Commensalism
635013.3X925409.4 	635013.3 	925409.4 	4.76389509041 	89.5414585531 	2.38864222342 	90.0870500303 	0.994394574332 	-0.00605626976371 	Commensalism
635013.3X997894.4 	635013.3 	997894.4 	12.7079004258 	30.9861827316 	2.38864222342 	43.0367913625 	4.32013555701 	-0.280007134579 	Parasitism
649742.3X1226322.3 	649742.3 	1226322.3 	17.9898076361 	17.4003096797 	19.8774100331 	10.4482763971 	-0.0949621904391 	0.665376088685 	Commensalism
649760.3X267747.3 	649760.3 	267747.3 	70.3496679681 	148.784181128 	70.3496679681 	154.353403393 	0.0 	-0.0360809813232 	Neutralism
649760.3X553206.4 	649760.3 	553206.4 	70.3496679681 	18.490751119 	70.3496679681 	19.4600963475 	0.0 	-0.0498119439488 	Neutralism
649760.3X748671.3 	649760.3 	748671.3 	70.3496679681 	23.9765934927 	70.3496679681 	24.224237003 	0.0 	-0.0102229643092 	Neutralism
663917.3X267747.3 	663917.3 	267747.3 	134.088751208 	113.166447958 	123.627647296 	154.353403393 	0.0846178354179 	-0.266835421375 	Amensalism
665946.3X1414720.3 	665946.3 	1414720.3 	113.286254037 	17.2959607967 	96.6712981155 	7.09094914168 	0.171870619774 	1.43916018168 	Mutualism
665946.3X537011.5 	665946.3 	537011.5 	101.741944772 	40.9725451626 	96.6712981155 	73.0927528114 	0.0524524523343 	-0.439444492283 	Amensalism
679199.3X1316937.3 	679199.3 	1316937.3 	57.8001325553 	31.128900652 	57.8001325553 	31.7636357316 	0.0 	-0.0199830738825 	Neutralism
679201.3X1077975.4 	679201.3 	1077975.4 	117.304542005 	114.069701247 	126.132923418 	128.148389783 	-0.0699926805291 	-0.109862391247 	Amensalism
679201.3X1105030.3 	679201.3 	1105030.3 	127.952728702 	23.3968779749 	126.132923418 	19.877492208 	0.0144276786321 	0.177053811923 	Commensalism
679201.3X1321817.3 	679201.3 	1321817.3 	127.952728702 	10.409175935 	126.132923418 	14.6511250878 	0.0144276786321 	-0.28953060788 	Amensalism
679201.3X267747.3 	679201.3 	267747.3 	107.712701056 	159.961505538 	126.132923418 	154.353403393 	-0.146038178319 	0.0363328700354 	Amensalism
679201.3X457394.3 	679201.3 	457394.3 	126.658034842 	17.8136687039 	126.132923418 	17.8136687039 	0.00416315906878 	0.0 	Neutralism
679201.3X552395.3 	679201.3 	552395.3 	123.39998798 	28.4170942018 	126.132923418 	16.1579856101 	-0.0216671061285 	0.758702779388 	Commensalism
679201.3X596320.3 	679201.3 	596320.3 	105.162816042 	106.38664557 	126.132923418 	97.6127807015 	-0.166254034298 	0.0898843860962 	Amensalism
679201.3X997830.4 	679201.3 	997830.4 	127.039259995 	9.89046849606 	126.132923418 	2.41581420921 	0.00718556703864 	3.09405179353 	Commensalism
679201.3X997894.4 	679201.3 	997894.4 	121.092950101 	55.3730655028 	126.132923418 	43.0367913625 	-0.0399576350125 	0.286644839212 	Commensalism
680646.3X1105030.3 	680646.3 	1105030.3 	17.0956126048 	22.2346764874 	22.6673947598 	19.877492208 	-0.245806022882 	0.118585596952 	Parasitism
680646.3X1519439.3 	680646.3 	1519439.3 	9.25176192451 	16.812832409 	22.6673947598 	6.40991737032 	-0.591847143329 	1.62294058373 	Parasitism
680646.3X267747.3 	680646.3 	267747.3 	6.96555714422 	166.529044826 	22.6673947598 	154.353403393 	-0.69270587917 	0.078881587094 	Amensalism
680646.3X553177.6 	680646.3 	553177.6 	17.3600110072 	72.9588452251 	22.6673947598 	27.8995483491 	-0.234141762158 	1.6150547067 	Parasitism
680646.3X553178.3 	680646.3 	553178.3 	15.3781131209 	53.1195455642 	22.6673947598 	14.5910863199 	-0.321575625084 	2.64054768779 	Parasitism
680646.3X866778.4 	680646.3 	866778.4 	13.3375195065 	81.7129312995 	22.6673947598 	62.2460612132 	-0.411598922248 	0.312740592848 	Parasitism
699246.3X1035187.4 	699246.3 	1035187.4 	3.66995310758 	-5.71924156285e-30 	1.22331770253 	3.62233176535 	1.99999999999 	-1.0 	Parasitism
699246.3X1076135.3 	699246.3 	1076135.3 	12.2331770253 	186.155275732 	1.22331770253 	187.733921963 	9.0 	-0.00840895568842 	Commensalism
699246.3X267747.3 	699246.3 	267747.3 	8.43604466124 	150.292821076 	1.22331770253 	154.353403393 	5.89603742658 	-0.026307047514 	Commensalism
706433.3X267747.3 	706433.3 	267747.3 	4.4713419824 	158.419484694 	6.30304322756 	154.353403393 	-0.290605851654 	0.0263426734469 	Amensalism
706434.3X457412.4 	706434.3 	457412.4 	51.121909768 	33.0700069523 	46.4068082187 	16.9457019805 	0.101603659685 	0.951527708345 	Mutualism
706434.3X887898.3 	706434.3 	887898.3 	48.5112379334 	74.5333226751 	46.4068082187 	77.9553763902 	0.0453474349018 	-0.0438975972353 	Neutralism
710696.3X1176165.3 	710696.3 	1176165.3 	123.628625903 	1.34674333739e-26 	123.628625903 	70.2848651731 	0.0 	-1.0 	Amensalism
713605.5X1077975.4 	713605.5 	1077975.4 	19.4831013862 	130.016325565 	3.87438055954 	128.148389783 	4.02870099795 	0.0145763500046 	Commensalism
713605.5X1105030.3 	713605.5 	1105030.3 	21.5345468995 	0.0 	3.87438055954 	19.877492208 	4.55819093364 	-1.0 	Parasitism
713605.5X1235815.4 	713605.5 	1235815.4 	3.46808097056 	46.3920736749 	3.87438055954 	46.3929172715 	-0.104868270614 	-1.81837368637e-05 	Amensalism
713605.5X1321817.3 	713605.5 	1321817.3 	17.178294115 	8.52012116154 	3.87438055954 	14.6511250878 	3.43381692919 	-0.418466424218 	Parasitism
713605.5X267747.3 	713605.5 	267747.3 	13.6672466486 	160.362183122 	3.87438055954 	154.353403393 	2.52759529906 	0.038928715512 	Commensalism
713605.5X457394.3 	713605.5 	457394.3 	14.6034344167 	17.8136687039 	3.87438055954 	17.8136687039 	2.76923076922 	0.0 	Commensalism
713605.5X552395.3 	713605.5 	552395.3 	18.4445754365 	3.26452227883 	3.87438055954 	16.1579856101 	3.76065145203 	-0.797962298172 	Parasitism
713605.5X596320.3 	713605.5 	596320.3 	16.4575821102 	109.354970082 	3.87438055954 	97.6127807015 	3.24779699807 	0.120293565004 	Mutualism
713605.5X679201.3 	713605.5 	679201.3 	23.9713676007 	117.459779966 	3.87438055954 	126.132923418 	5.18714843117 	-0.0687619315954 	Commensalism
713605.5X857291.3 	713605.5 	857291.3 	3.21550480294 	76.5210766498 	3.87438055954 	63.7648148707 	-0.170059638302 	0.200051733938 	Parasitism
713605.5X888056.4 	713605.5 	888056.4 	24.3827339477 	119.132933092 	3.87438055954 	115.248285445 	5.29332446129 	0.033706771706 	Commensalism
713605.5X925409.4 	713605.5 	925409.4 	13.4092183228 	98.2304526369 	3.87438055954 	90.0870500303 	2.46099669785 	0.090394819276 	Commensalism
713605.5X997830.4 	713605.5 	997830.4 	0.0 	3.92569808997 	3.87438055954 	2.41581420921 	-1.0 	0.625000000002 	Parasitism
713605.5X997894.4 	713605.5 	997894.4 	25.3324882739 	20.2287307247 	3.87438055954 	43.0367913625 	5.53846153846 	-0.529966568504 	Parasitism
742816.3X1203556.3 	742816.3 	1203556.3 	38.2669499665 	15.5159374887 	33.9403845866 	19.8774037601 	0.127475437671 	-0.219418306537 	Parasitism
742816.3X1227268.3 	742816.3 	1227268.3 	24.2772618568 	86.5823178198 	33.9403845866 	86.5823178198 	-0.284708698723 	0.0 	Amensalism
742816.3X28037.97 	742816.3 	28037.97 	21.8279764412 	15.6386664374 	33.9403845866 	2.41581421667 	-0.35687303762 	5.4734557523 	Parasitism
742816.3X435590.9 	742816.3 	435590.9 	32.5664564843 	71.9335937706 	33.9403845866 	17.8141753371 	-0.0404806285796 	3.03799740428 	Commensalism
742816.3X592010.4 	742816.3 	592010.4 	32.3706697728 	29.0927479161 	33.9403845866 	20.0428739029 	-0.0462491758099 	0.451525767065 	Commensalism
742816.3X762963.3 	742816.3 	762963.3 	38.2113031535 	32.047085307 	33.9403845866 	31.4884377538 	0.12583589193 	0.0177413550195 	Commensalism
742816.3X944560.4 	742816.3 	944560.4 	48.1821416338 	86.7974267774 	33.9403845866 	85.6749235987 	0.419610950809 	0.0131018871281 	Commensalism
742816.3X997353.4 	742816.3 	997353.4 	32.6539439722 	70.6342896305 	33.9403845866 	70.6356690236 	-0.0379029474789 	-1.95282796788e-05 	Neutralism
745776.4X1035197.3 	745776.4 	1035197.3 	101.527638966 	60.019681731 	100.728487387 	60.019681731 	0.00793371964308 	0.0 	Neutralism
748671.3X267747.3 	748671.3 	267747.3 	21.1106945531 	157.514492132 	24.224237003 	154.353403393 	-0.12853005234 	0.0204795532169 	Amensalism
748671.3X553207.3 	748671.3 	553207.3 	28.2541824436 	120.344768182 	24.224237003 	120.344768182 	0.16636005667 	0.0 	Commensalism
762948.4X1073372.3 	762948.4 	1073372.3 	12.634117979 	16.6176343547 	20.8927089422 	2.39485497698 	-0.395285790179 	5.93888962565 	Parasitism
762948.4X1203573.3 	762948.4 	1203573.3 	5.82477759761e-14 	30.6631641159 	20.8927089422 	25.3374074362 	-1.0 	0.21019343408 	Parasitism
762948.4X176279.9 	762948.4 	176279.9 	-3.53437440183e-15 	52.0649350399 	20.8927089422 	44.6964484443 	-1.0 	0.164856198917 	Parasitism
762948.4X553191.3 	762948.4 	553191.3 	29.6963463576 	68.2455382532 	20.8927089422 	62.7830861704 	0.421373668669 	0.087005154031 	Commensalism
762963.3X1395125.3 	762963.3 	1395125.3 	32.6885084404 	52.6391941724 	31.4884377538 	52.6391941724 	0.0381114711369 	0.0 	Neutralism
762963.3X997353.4 	762963.3 	997353.4 	30.7339310143 	70.6342896305 	31.4884377538 	70.6356690236 	-0.0239613900632 	-1.95282796788e-05 	Neutralism
762966.3X365659.3 	762966.3 	365659.3 	47.0006140441 	18.994856041 	30.6111346383 	3.5915994704 	0.535409079064 	4.28868995486 	Mutualism
762968.3X176279.9 	762968.3 	176279.9 	70.6057106106 	42.6925985152 	70.6057106106 	44.6964484443 	0.0 	-0.0448324195511 	Neutralism
857291.3X1077975.4 	857291.3 	1077975.4 	63.7648148707 	126.323052529 	63.7648148707 	128.148389783 	0.0 	-0.0142439343724 	Neutralism
857291.3X1105030.3 	857291.3 	1105030.3 	76.5210766498 	19.2312470792 	63.7648148707 	19.877492208 	0.200051733938 	-0.0325114014403 	Commensalism
857291.3X1235797.3 	857291.3 	1235797.3 	63.7648148707 	20.9398529853 	63.7648148707 	22.0694443632 	0.0 	-0.0511834987465 	Neutralism
857291.3X1235815.4 	857291.3 	1235815.4 	31.9197669025 	44.803001299 	63.7648148707 	46.3929172715 	-0.499414105299 	-0.0342706616873 	Amensalism
857291.3X1321817.3 	857291.3 	1321817.3 	63.7648148707 	13.0174702363 	63.7648148707 	14.6511250878 	0.0 	-0.111503713313 	Amensalism
857291.3X267747.3 	857291.3 	267747.3 	76.5210766498 	149.244142998 	63.7648148707 	154.353403393 	0.200051733938 	-0.0331010543512 	Commensalism
857291.3X457394.3 	857291.3 	457394.3 	63.7648148707 	17.8136687039 	63.7648148707 	17.8136687039 	0.0 	0.0 	Neutralism
857291.3X537013.3 	857291.3 	537013.3 	63.8141182158 	0.68840911101 	63.7648148707 	1.27699415409 	0.000773206120021 	-0.460914438171 	Amensalism
857291.3X552395.3 	857291.3 	552395.3 	70.7744188566 	16.648710501 	63.7648148707 	16.1579856101 	0.109929025907 	0.0303704250481 	Commensalism
857291.3X596320.3 	857291.3 	596320.3 	42.5898320013 	99.6667895655 	63.7648148707 	97.6127807015 	-0.33207942205 	0.0210424172863 	Amensalism
857291.3X679201.3 	857291.3 	679201.3 	63.7648148707 	119.862386484 	63.7648148707 	126.132923418 	0.0 	-0.0497137207644 	Neutralism
857291.3X888056.4 	857291.3 	888056.4 	76.5210766498 	115.065537925 	63.7648148707 	115.248285445 	0.200051733938 	-0.00158568536872 	Commensalism
857291.3X925409.4 	857291.3 	925409.4 	32.3239337052 	92.0064283365 	63.7648148707 	90.0870500303 	-0.493075706865 	0.0213058181565 	Amensalism
857291.3X997830.4 	857291.3 	997830.4 	76.5151230288 	1.7482633539 	63.7648148707 	2.41581420921 	0.199958365502 	-0.276325411435 	Parasitism
857291.3X997894.4 	857291.3 	997894.4 	85.257820758 	42.3393719112 	63.7648148707 	43.0367913625 	0.337066859378 	-0.016205191633 	Commensalism
857576.3X267747.3 	857576.3 	267747.3 	84.3400534041 	140.875859838 	61.8399334363 	154.353403393 	0.363844504959 	-0.0873161411329 	Commensalism
857576.3X397291.3 	857576.3 	397291.3 	81.980091554 	19.3184319123 	61.8399334363 	10.411622184 	0.3256820795 	0.855468011698 	Mutualism
857576.3X717959.3 	857576.3 	717959.3 	54.4004004049 	58.3503866084 	61.8399334363 	58.3503866084 	-0.120303056908 	0.0 	Amensalism
862512.3X1160721.7 	862512.3 	1160721.7 	16.6312903887 	18.7978433104 	26.1459817409 	9.4465812583 	-0.363906448283 	0.989909661115 	Parasitism
862512.3X1268240.3 	862512.3 	1268240.3 	16.4502328972 	127.947109458 	26.1459817409 	93.6925318894 	-0.370831317018 	0.365606274885 	Parasitism
862512.3X447454.3 	862512.3 	447454.3 	26.1282875713 	55.5446514071 	26.1459817409 	48.829022168 	-0.00067674527487 	0.137533559775 	Commensalism
862512.3X457416.3 	862512.3 	457416.3 	17.9844676234 	126.355012241 	26.1459817409 	95.1081764187 	-0.312151756181 	0.328539953124 	Parasitism
862512.3X596330.3 	862512.3 	596330.3 	14.2901485622 	12.2988734823 	26.1459817409 	1.23036792431 	-0.453447619454 	8.99609404577 	Parasitism
862512.3X626369.3 	862512.3 	626369.3 	11.8582621073 	17.8919475988 	26.1459817409 	2.39345230288 	-0.546459481812 	6.47537253083 	Parasitism
862512.3X762966.3 	862512.3 	762966.3 	28.4614663755 	53.7308541201 	26.1459817409 	30.6111346383 	0.0885598658159 	0.755271562292 	Commensalism
862512.3X904296.3 	862512.3 	904296.3 	33.4549322463 	23.7323893812 	26.1459817409 	12.8302444233 	0.279543930606 	0.849722312234 	Mutualism
862512.3X904306.3 	862512.3 	904306.3 	23.243055924 	27.1472708742 	26.1459817409 	3.58194406475 	-0.111027608206 	6.57892093887 	Parasitism
862512.3X999421.3 	862512.3 	999421.3 	22.8435797584 	80.3110164655 	26.1459817409 	75.5233951232 	-0.126306291163 	0.0633925598087 	Amensalism
862965.3X553178.3 	862965.3 	553178.3 	107.804276918 	48.9080419036 	112.582455109 	14.5910863199 	-0.0424415881353 	2.35191231354 	Commensalism
866778.4X1105030.3 	866778.4 	1105030.3 	85.192936518 	18.4735636319 	62.2460612132 	19.877492208 	0.368647828594 	-0.0706290593104 	Commensalism
866778.4X553177.6 	866778.4 	553177.6 	59.1734328895 	72.0186758044 	62.2460612132 	27.8995483491 	-0.0493626144982 	1.58135633248 	Commensalism
866778.4X553178.3 	866778.4 	553178.3 	62.2460612132 	50.2840328183 	62.2460612132 	14.5910863199 	0.0 	2.44621584136 	Commensalism
871541.3X1035195.3 	871541.3 	1035195.3 	96.0157340622 	96.4253601909 	95.5096417611 	107.189399143 	0.00529886084555 	-0.100420741586 	Amensalism
871541.3X1077975.4 	871541.3 	1077975.4 	93.2663609983 	109.408387446 	95.5096417611 	128.148389783 	-0.0234874796035 	-0.146236736714 	Amensalism
871541.3X1105030.3 	871541.3 	1105030.3 	105.407451325 	24.153038139 	95.5096417611 	19.877492208 	0.103631522236 	0.215094836223 	Mutualism
871541.3X1235815.4 	871541.3 	1235815.4 	97.4800741401 	46.3920736749 	95.5096417611 	46.3929172715 	0.0206307168854 	-1.81837368637e-05 	Neutralism
871541.3X1321817.3 	871541.3 	1321817.3 	103.340638554 	13.9934280144 	95.5096417611 	14.6511250878 	0.0819916884673 	-0.0448905506887 	Neutralism
871541.3X267747.3 	871541.3 	267747.3 	94.7108114868 	143.528698696 	95.5096417611 	154.353403393 	-0.00836387049067 	-0.0701293554859 	Neutralism
871541.3X457394.3 	871541.3 	457394.3 	100.058985935 	17.8136687039 	95.5096417611 	17.8136687039 	0.0476323027708 	0.0 	Neutralism
871541.3X552395.3 	871541.3 	552395.3 	97.5177114667 	25.687358878 	95.5096417611 	16.1579856101 	0.0210247852319 	0.58976245541 	Commensalism
871541.3X596320.3 	871541.3 	596320.3 	68.4006616646 	118.034736643 	95.5096417611 	97.6127807015 	-0.283835009708 	0.209213955332 	Parasitism
871541.3X679201.3 	871541.3 	679201.3 	97.7008079496 	107.992144282 	95.5096417611 	126.132923418 	0.0229418323438 	-0.143822712139 	Amensalism
871541.3X713605.5 	871541.3 	713605.5 	103.63187332 	10.4430834143 	95.5096417611 	3.87438055954 	0.0850409593119 	1.69542014622 	Commensalism
871541.3X857291.3 	871541.3 	857291.3 	90.5581122718 	76.4021539977 	95.5096417611 	63.7648148707 	-0.05184324219 	0.198186713984 	Commensalism
871541.3X888056.4 	871541.3 	888056.4 	105.360427115 	116.700273658 	95.5096417611 	115.248285445 	0.103139171839 	0.0125987836382 	Commensalism
871541.3X925409.4 	871541.3 	925409.4 	103.340638554 	84.3895548253 	95.5096417611 	90.0870500303 	0.0819916884673 	-0.0632443309342 	Neutralism
871541.3X997830.4 	871541.3 	997830.4 	103.978902836 	9.45315964962 	95.5096417611 	2.41581420921 	0.0886744093972 	2.91303255589 	Commensalism
871541.3X997894.4 	871541.3 	997894.4 	105.407451325 	46.5530160549 	95.5096417611 	43.0367913625 	0.103631522236 	0.0817027613138 	Commensalism
875454.4X267747.3 	875454.4 	267747.3 	8.5398886214 	150.694874889 	1.23690291401 	154.353403393 	5.90425135609 	-0.0237022859463 	Commensalism
879304.3X1035187.4 	879304.3 	1035187.4 	0.0 	3.62233176535 	2.3925429573 	3.62233176535 	-1.0 	0.0 	Amensalism
879304.3X553191.3 	879304.3 	553191.3 	9.50768839705 	66.7171162374 	2.3925429573 	62.7830861704 	2.97388409184 	0.0626606671791 	Commensalism
883096.3X1073372.3 	883096.3 	1073372.3 	13.3441223508 	1.07904795302 	12.1802286899 	2.39485497698 	0.0955559776858 	-0.549430774142 	Amensalism
883096.3X553191.3 	883096.3 	553191.3 	13.3441223508 	64.2011985279 	12.1802286899 	62.7830861704 	0.0955559776858 	0.0225874904214 	Neutralism
883096.3X596320.3 	883096.3 	596320.3 	39.622733702 	89.0446040024 	12.1802286899 	97.6127807015 	2.25303692654 	-0.0877772012796 	Commensalism
883096.3X762948.4 	883096.3 	762948.4 	39.622733702 	20.6654073611 	12.1802286899 	20.8927089422 	2.25303692654 	-0.0108794690879 	Commensalism
883096.3X997829.3 	883096.3 	997829.3 	3.53930456341 	49.1090917048 	12.1802286899 	49.1425326615 	-0.709422158359 	-0.000680489077157 	Amensalism
883103.3X1105030.3 	883103.3 	1105030.3 	20.2083796792 	-2.50068906955e-28 	4.75491286568 	19.877492208 	3.25000000001 	-1.0 	Parasitism
887901.3X1035195.3 	887901.3 	1035195.3 	27.62362733 	106.996546692 	27.62362733 	107.189399143 	0.0 	-0.00179917466225 	Neutralism
888056.4X1077975.4 	888056.4 	1077975.4 	107.399584375 	135.047565087 	115.248285445 	128.148389783 	-0.0681025408725 	0.0538373936316 	Neutralism
888056.4X1105030.3 	888056.4 	1105030.3 	122.926099278 	28.3872976041 	115.248285445 	19.877492208 	0.0666197662148 	0.428112626435 	Commensalism
888056.4X1235815.4 	888056.4 	1235815.4 	116.163038099 	46.3929172715 	115.248285445 	46.3929172715 	0.0079372343846 	0.0 	Neutralism
888056.4X1321817.3 	888056.4 	1321817.3 	123.870610801 	22.7801173559 	115.248285445 	14.6511250878 	0.0748152158855 	0.554837408007 	Commensalism
888056.4X267747.3 	888056.4 	267747.3 	112.767449475 	159.864406457 	115.248285445 	154.353403393 	-0.0215260119526 	0.0357038001292 	Neutralism
888056.4X457394.3 	888056.4 	457394.3 	115.789716259 	17.8136687039 	115.248285445 	17.8136687039 	0.00469795114009 	0.0 	Neutralism
888056.4X552395.3 	888056.4 	552395.3 	121.937390061 	33.1609796694 	115.248285445 	16.1579856101 	0.0580408167477 	1.05229664573 	Commensalism
888056.4X596320.3 	888056.4 	596320.3 	81.0043165237 	124.529330502 	115.248285445 	97.6127807015 	-0.297132133368 	0.27574821255 	Parasitism
888056.4X679201.3 	888056.4 	679201.3 	111.370419126 	126.77498287 	115.248285445 	126.132923418 	-0.0336479306744 	0.00509033989383 	Neutralism
888056.4X997830.4 	888056.4 	997830.4 	123.284002176 	13.0558484374 	115.248285445 	2.41581420921 	0.0697252605535 	4.40432637064 	Commensalism
888056.4X997894.4 	888056.4 	997894.4 	121.098252622 	53.6918641004 	115.248285445 	43.0367913625 	0.0507596894341 	0.247580556091 	Commensalism
888810.3X1035187.4 	888810.3 	1035187.4 	0.0 	4.82977568713 	3.57687689568 	3.62233176535 	-1.0 	0.333333333332 	Parasitism
888810.3X553191.3 	888810.3 	553191.3 	3.31111491189 	77.6387785122 	3.57687689568 	62.7830861704 	-0.0743000085105 	0.236619338869 	Commensalism
888810.3X762948.4 	888810.3 	762948.4 	17.2031200825 	12.374601731 	3.57687689568 	20.8927089422 	3.80953652704 	-0.407707168791 	Parasitism
888810.3X879304.3 	888810.3 	879304.3 	2.42338070084e-27 	3.58881443595 	3.57687689568 	2.3925429573 	-1.0 	0.5 	Parasitism
888810.3X883096.3 	888810.3 	883096.3 	2.26671273447 	13.3441223508 	3.57687689568 	12.1802286899 	-0.366287182763 	0.0955559776858 	Amensalism
904296.3X1268240.3 	904296.3 	1268240.3 	10.2556479567 	125.564142255 	12.8302444233 	93.6925318894 	-0.200666205698 	0.340172367241 	Parasitism
904296.3X999421.3 	904296.3 	999421.3 	8.35117712678 	88.243902973 	12.8302444233 	75.5233951232 	-0.349102257817 	0.168431355993 	Parasitism
904306.3X1268240.3 	904306.3 	1268240.3 	0.0 	123.625791799 	3.58194406475 	93.6925318894 	-1.0 	0.319483947183 	Parasitism
904306.3X447454.3 	904306.3 	447454.3 	1.61479819991 	60.6923832764 	3.58194406475 	48.829022168 	-0.549183859178 	0.242957171405 	Parasitism
904306.3X457416.3 	904306.3 	457416.3 	24.5018605236 	90.3064426747 	3.58194406475 	95.1081764187 	5.84038055332 	-0.0504870761359 	Commensalism
904306.3X626369.3 	904306.3 	626369.3 	0.0 	3.59017845432 	3.58194406475 	2.39345230288 	-1.0 	0.5 	Parasitism
904306.3X904296.3 	904306.3 	904296.3 	9.36916266594 	6.64683104608 	3.58194406475 	12.8302444233 	1.61566414678 	-0.48194041931 	Parasitism
904306.3X999421.3 	904306.3 	999421.3 	2.4750466108 	86.9432485481 	3.58194406475 	75.5233951232 	-0.309021423546 	0.151209481595 	Parasitism
925409.4X1077975.4 	925409.4 	1077975.4 	85.2003950321 	122.750719604 	90.0870500303 	128.148389783 	-0.0542437009155 	-0.0421204682177 	Neutralism
925409.4X1105030.3 	925409.4 	1105030.3 	97.7435331731 	26.2472708852 	90.0870500303 	19.877492208 	0.0849898308383 	0.320451826143 	Commensalism
925409.4X1235815.4 	925409.4 	1235815.4 	90.0870500303 	34.2287596415 	90.0870500303 	46.3929172715 	0.0 	-0.262198592919 	Amensalism
925409.4X1321817.3 	925409.4 	1321817.3 	90.0870500303 	17.5264600301 	90.0870500303 	14.6511250878 	0.0 	0.196253524905 	Commensalism
925409.4X267747.3 	925409.4 	267747.3 	99.1045377537 	147.505627205 	90.0870500303 	154.353403393 	0.100097491486 	-0.0443642708063 	Commensalism
925409.4X457394.3 	925409.4 	457394.3 	90.0870500303 	34.2286531237 	90.0870500303 	17.8136687039 	0.0 	0.921482525169 	Commensalism
925409.4X552395.3 	925409.4 	552395.3 	85.446984044 	21.6447924328 	90.0870500303 	16.1579856101 	-0.0515064705165 	0.339572453838 	Commensalism
925409.4X596320.3 	925409.4 	596320.3 	42.5136680576 	100.160964903 	90.0870500303 	97.6127807015 	-0.528082359859 	0.0261050262393 	Amensalism
925409.4X679201.3 	925409.4 	679201.3 	89.7015927008 	120.201278171 	90.0870500303 	126.132923418 	-0.00427872074144 	-0.0470269386157 	Neutralism
925409.4X888056.4 	925409.4 	888056.4 	98.1103250631 	112.527235656 	90.0870500303 	115.248285445 	0.0890613582097 	-0.0236103277241 	Neutralism
925409.4X997830.4 	925409.4 	997830.4 	98.0368329396 	12.8613174668 	90.0870500303 	2.41581420921 	0.0882455681102 	4.32380239249 	Commensalism
925409.4X997894.4 	925409.4 	997894.4 	95.2296583174 	54.9427085458 	90.0870500303 	43.0367913625 	0.0570848782968 	0.276645093799 	Commensalism
927666.3X1203573.3 	927666.3 	1203573.3 	9.01269842194 	21.0052109672 	3.60059435395 	25.3374074362 	1.5031140795 	-0.170980258336 	Parasitism
936572.3X1203559.3 	936572.3 	1203559.3 	116.697495669 	29.5415879332 	109.863734675 	29.7796084846 	0.0622021544618 	-0.00799273608728 	Neutralism
936572.3X267747.3 	936572.3 	267747.3 	106.027671033 	147.916214512 	109.863734675 	154.353403393 	-0.0349165596213 	-0.0417042238104 	Neutralism
944560.4X1197728.3 	944560.4 	1197728.3 	87.5605721853 	63.69184768 	85.6749235987 	63.69184768 	0.0220093407428 	0.0 	Neutralism
944560.4X1203556.3 	944560.4 	1203556.3 	95.0394989597 	27.2771916057 	85.6749235987 	19.8774037601 	0.109303574111 	0.37227134564 	Mutualism
944560.4X635013.3 	944560.4 	635013.3 	84.4179341138 	12.5063463787 	85.6749235987 	2.38864222342 	-0.0146716148915 	4.23575538274 	Commensalism
944560.4X762963.3 	944560.4 	762963.3 	101.485596294 	39.0486448773 	85.6749235987 	31.4884377538 	0.184542594626 	0.240094703415 	Mutualism
944560.4X997353.4 	944560.4 	997353.4 	87.5753054471 	70.6356690236 	85.6749235987 	70.6356690236 	0.0221813077687 	0.0 	Neutralism
944564.4X883098.3 	944564.4 	883098.3 	34.7154452169 	30.0752433299 	40.3308474097 	12.1802290044 	-0.139233429334 	1.46918537566 	Parasitism
997353.4X1304880.3 	997353.4 	1304880.3 	70.6342896305 	0.61980282334 	70.6356690236 	1.28254505898 	-1.95282796788e-05 	-0.516739923482 	Amensalism
997353.4X537013.3 	997353.4 	537013.3 	70.6342896305 	0.617120292621 	70.6356690236 	1.27699415409 	-1.95282796788e-05 	-0.51673992348 	Amensalism
997829.3X1226322.3 	997829.3 	1226322.3 	49.1425326615 	12.8878021098 	49.1425326615 	10.4482763972 	0.0 	0.233485947333 	Commensalism
997829.3X1235797.3 	997829.3 	1235797.3 	49.1425326615 	22.1330319708 	49.1425326615 	22.0694443632 	0.0 	0.00288125095283 	Neutralism
997829.3X879304.3 	997829.3 	879304.3 	49.1425326615 	1.53966287469 	49.1425326615 	2.3925429573 	0.0 	-0.356474302795 	Amensalism
997830.4X1105030.3 	997830.4 	1105030.3 	18.2986026155 	2.16429080665 	2.41581420921 	19.877492208 	6.57450740448 	-0.891118518171 	Parasitism
997830.4X1414720.3 	997830.4 	1414720.3 	7.24744262764 	0.0 	2.41581420921 	7.09094914168 	2.0 	-1.0 	Parasitism
997830.4X537011.5 	997830.4 	537011.5 	6.97331454785 	73.3990681755 	2.41581420921 	73.0927528114 	1.88652766478 	0.00419077613468 	Commensalism
997890.3X478801.5 	997890.3 	478801.5 	2.48185978944 	121.146805574 	55.5908562446 	121.210370336 	-0.955354891846 	-0.000524416861559 	Amensalism
997895.4X944565.4 	997895.4 	944565.4 	36.1200124114 	12.2986864263 	43.0367912542 	1.22986864263 	-0.16071781007 	9.0 	Parasitism
999421.3X1296619.3 	999421.3 	1296619.3 	87.0704239114 	23.9581050699 	75.5233951232 	46.3246845898 	0.152893401698 	-0.482822057354 	Parasitism
999421.3X176279.9 	999421.3 	176279.9 	86.4479211571 	34.813061103 	75.5233951232 	44.6964484443 	0.144650886207 	-0.221122431095 	Parasitism
