887901.3
196627.13
1476577.3
862512.3
645127.4
997894.4
548479.6
523794.5
999417.3
649760.3
1316937.3
871541.3
1268240.3
904306.3
762963.3
1121877.3
883096.3
313596.4
525257.3
562981.3
706434.3
553220.3
1008452.3
1539298.3
710696.3
1395125.3
340101.3
1414720.3
457412.4
1105030.3
1076135.3
680646.3
596320.3
1459803.3
857576.3
997830.4
1381118.3
172045.12
1125778.3
1400053.5
1203619.3
575593.3
457416.3
552395.3
546271.5
553191.3
888055.3
95617.3
397291.3
1519439.3
1415765.3
1234871.3
553206.4
997895.4
1321817.3
1203556.3
176279.9
875454.4
1226322.3
469609.3
866778.4
699246.3
428125.8
635013.3
762948.4
936563.3
411902.9
435590.9
1296619.3
388919.9
1479623.3
1236489.4
1414719.3
562973.4
1115803.3
334413.6
1105031.3
862965.3
478801.5
1197728.3
997353.4
1321775.3
1035187.4
745776.4
883103.3
1160721.7
888056.4
267747.3
927666.3
553174.6
1077975.4
1227268.3
1095735.3
445970.5
997829.3
28037.92
717959.3
28037.97
28037.98
553175.3
365659.3
411471.5
1149865.7
1235797.3
944565.4
585394.18
762966.3
1514668.3
1339350.3
1203573.3
665946.3
447454.3
1203559.3
1095740.3
1125724.3
887898.3
663917.3
1227272.3
999421.3
626369.3
1332188.3
857291.3
596330.3
796942.3
1105029.3
706433.3
748671.3
1203564.3
1095742.3
585544.3
665956.3
936572.3
997890.3
762968.3
553177.6
1203566.3
411486.3
1094954.4
1073372.3
1304880.3
468059.3
1095745.3
879304.3
742816.3
592026.3
925409.4
575604.3
457394.3
904296.3
883098.3
754027.3
679201.3
537013.3
1118055.3
1097667.3
479436.6
888810.3
1035197.3
944564.4
1095752.3
553207.3
537011.5
411485.10
411483.3
1235815.4
620833.3
679199.3
1218103.5
1035195.3
553178.3
1176165.3
649742.3
1203603.3
592010.4
944560.4
713605.5
